1 0.6817302951294147 0.7493583346819871 0.180005719704317 0.2680555849929865
1 0.6846803387610174 0.9174899460555708 0.15717451333591956 0.09872357216812398
1 0.2943733005894265 0.574196369276032 0.18000571970431692 0.2680555849929865
1 0.28255792423654646 0.19458328034595768 0.20382585697722053 0.2753968590396036
1 0.4622294487823536 0.1737532217901137 0.1976397587939917 0.22525135583338798
1 0.4393992739175873 0.7502545422985845 0.18877494182452986 0.23314817954807457
1 0.6062195963470611 0.557599091122691 0.18877494182452992 0.23314817954807457
1 0.5813958420949973 0.8994476367971271 0.16310552000387943 0.14470240870767317
1 0.22583020786620941 0.43404757362986846 0.2206307197043169 0.2699471266737895
2 0.6403548355962153 0.31814802941717674 0.2466191348570078 0.31270506738707327
0 0.37484269527919595 0.8249304790182351 0.060841647274843244 0.07761905771188111