1 0.7767956232907638 0.27710294673311453 0.20905161094166685 0.2674892946720815
1 0.8939266122728469 0.4248161607973453 0.20174825721819464 0.2959884310077527
1 0.5556096478920484 0.3531370110988084 0.2557097118153475 0.3484443039251886
1 0.4528697736513541 0.09815851223083705 0.1911354526972918 0.13490423401009047
1 0.1161140028497916 0.3798713746646983 0.2322280056995832 0.33474274932939657
1 0.42734375 0.8875 0.2078125 0.22083333333333333
1 0.34938044452916656 0.15503886489479635 0.23561411094166687 0.26975889779746604
1 0.6151261989944788 0.6190274264796379 0.23477896276527802 0.3112920583979336
1 0.7569298796559369 0.7876267376030541 0.23477896276527802 0.3112920583979336
1 0.22702286768808974 0.8445850205610934 0.2320890674386807 0.24657521899840115
1 0.041148410809826244 0.6080383425864404 0.08229682161965249 0.26191001850621415
2 0.3384539430105552 0.6465052724621643 0.41701350056868086 0.5619284166112971