2 0.46940057400142904 0.16534929554822794 0.3924488519971419 0.3306985910964559
1 0.33641383933666774 0.38388766483049885 0.23448353268728983 0.3238085414251132
1 0.2254606417986718 0.677679750289864 0.2660613146182751 0.33345976162870083
1 0.541604811845158 0.7074856070415142 0.2904821604112307 0.35476067678139167
1 0.7168165233810104 0.14260346351946396 0.20359416560701077 0.2852069270389279
1 0.262522507289467 0.237607534531583 0.20359416560701077 0.2976607155650383
1 0.15617468227963183 0.4583979228191918 0.19076638367602555 0.2900502274836034
1 0.5457845774324983 0.8499601494651687 0.23061585149293878 0.19081533011213878
1 0.308432042903623 0.858186120184191 0.20525521857321785 0.210840959605756
1 0.7736735387162492 0.37047552097009295 0.22801501139996638 0.31896163071772915
1 0.7881016614965114 0.19904697410113179 0.22801501139996638 0.31896163071772904
1 0.07961449522080952 0.725425668277264 0.15922899044161903 0.26543295071514283
1 0.15148718227963182 0.45890810584972996 0.17393951659574647 0.26543295071514283