1 0.47402732021724503 0.12144447658766652 0.2175703595655099 0.1851309471009328
1 0.31453945556335255 0.17174977152363874 0.22051829715018095 0.2601309471009329
1 0.189109008367743 0.2926148979919956 0.21080910447712728 0.29053156465866226
1 0.7024201566041492 0.5111462341742965 0.2108091044771271 0.29053156465866226
1 0.34514324513876 0.48966996445160654 0.18679839439121898 0.27412812609189197
1 0.4640725503179997 0.833256557266635 0.18679839439121898 0.27412812609189197
1 0.5864399525111348 0.5909513957204656 0.18679839439121898 0.27412812609189197
1 0.7300892124607575 0.2458143113454837 0.18523589439121899 0.2740067857429961
1 0.30313505031799964 0.8207585013303675 0.20291471732199745 0.2878415295808499
1 0.7273095347141674 0.8348917358811291 0.20094278154634876 0.2773035225652874
1 0.5187389546588413 0.21999769407010294 0.23194047602842466 0.3129423225276409
1 0.16525102725093557 0.48092415766192304 0.2373649604245925 0.3320563435743284
1 0.4008941988930902 0.7061032520896676 0.1595874412027157 0.21593668050955916
2 0.584375 0.9375 0.203125 0.12083333333333333
0 0.24455450418387148 0.15795612248999447 0.057553550429541286 0.07716357887801961