1 0.7152587249951509 0.14935133852884178 0.20293303667377885 0.25790214792222244
1 0.5597738706030041 0.10139924594824049 0.25232725879399176 0.20279849189648097
1 0.4698828389301952 0.3108400135531939 0.21007585697722053 0.2726794417418521
1 0.4956178387610174 0.9348935852353235 0.16654951333591955 0.09666114918879648
1 0.6659457984633945 0.7383051712288881 0.21211658909937298 0.3060127750751853
1 0.22953019527919594 0.8360634447833329 0.16351985030926075 0.22548838500444457
1 0.6686395901381432 0.45230749405050846 0.21957840273485515 0.2750537158046298
1 0.5778244319432764 0.9167470989134716 0.18096269970043757 0.12829907016138928
1 0.2390482007392077 0.6423861799656941 0.1730223960668953 0.2278626590672225
1 0.4875814245264106 0.6585860938471754 0.17104530788560623 0.2465156788240743
1 0.4060608733087642 0.856577237590555 0.19304785364324067 0.24927787385944455
1 0.4228493737678062 0.6969840320434718 0.16064994182452974 0.22955807142796328
2 0.25033561347600247 0.3071448898811805 0.3559933612292843 0.614289779762361