1 0.768189382752453 0.3989469682555481 0.2250559544771292 0.3295008590929163
1 0.561549112017268 0.3762916535860233 0.26589556795499936 0.36022621388164094
1 0.548378002874722 0.08512627555873123 0.19050600574944418 0.17025255111746246
1 0.7323025264846293 0.18744483360390046 0.24657963996249954 0.30251940529948446
1 0.6365423842130554 0.04296448809583053 0.1668347684261109 0.08592897619166107
1 0.7564146782753239 0.08861596300851828 0.16548688190398125 0.17723192601703655
1 0.553227347031527 0.5489459976470523 0.23075915033009214 0.32175024919244566
1 0.5140561232333323 0.7066599446808451 0.25101286173444404 0.3464150861577001
1 0.8932474628184714 0.4480733684105021 0.19841554203601816 0.3021699653614661
0 0.6919548222438412 0.8902489474724277 0.07986244872768503 0.1047636670028022
0 0.7888011364756469 0.8089046916884107 0.09271376324231469 0.13495009967697816
0 0.7248452346849523 0.9123353303081149 0.10626912384546294 0.05753160330889931
0 0.2271535711125455 0.52694576153525 0.09767466531583313 0.13955380891829183
2 0.884375 0.20208333333333334 0.228125 0.2833333333333333