2 0.12993167481970483 0.34881838964606554 0.25986334963940966 0.4363238031877861
1 0.2763689042572217 0.794097361772048 0.23179943313000023 0.31759435058989094
1 0.5341995880528121 0.7730345375375746 0.23179943313000032 0.31759435058989094
1 0.4064915089306244 0.8484881057981343 0.23219817021222244 0.2510490242721199
1 0.4454078853555202 0.8985189269012914 0.2069059230620139 0.142978919038683
1 0.6048919881290619 0.8798922113139199 0.19149912860909737 0.15426551554972506
1 0.5264696213909026 0.1236270774535358 0.24081075721819473 0.2472541549070716
1 0.7929427276798261 0.476233397508674 0.21286759517409734 0.30572159973647456
1 0.8376350189986107 0.6423241835340188 0.21286759517409734 0.30572159973647456
1 0.4408347138121177 0.5347849760102288 0.19833231648875013 0.277546203263079
1 0.3802856056233333 0.08871534755269071 0.18630378875333342 0.17743069510538143
1 0.7102614335112498 0.20698679038017206 0.24440853590354195 0.3248150733810572
1 0.6634734332269094 0.47380464646702525 0.24804268218006964 0.3542244207455155
1 0.49674183453743026 0.37128440414777153 0.24804268218006964 0.3542244207455154
1 0.26158819737895816 0.2106221406877142 0.25116768218006963 0.35446710144330706
1 0.32284843322690937 0.5002568425263095 0.2413562710859029 0.32873905934993225
0 0.6477178806058677 0.7059646990837438 0.07681837955902786 0.10999100341366509
0 0.7958885025654512 0.30748339750867404 0.07681837955902786 0.10999100341366498