1 0.18707279611480204 0.2456977869280249 0.2013784346068665 0.26505294397604473
1 0.4400556986434106 0.13010920688572522 0.19801360271317878 0.22748019237293696
1 0.4609375 0.9791666666666666 0.1625 0.0375
1 0.65859375 0.884375 0.1953125 0.22708333333333333
1 0.6542707880952376 0.29981493452703395 0.21215524830195703 0.29465612026135823
1 0.4576029464839423 0.07455034711524938 0.21604410703211538 0.11607146641955406
1 0.570169491057585 0.5182706091809669 0.18262843460686645 0.264179924738751
1 0.35000598781838244 0.42345575413499653 0.1903408050572172 0.26246034942095675
1 0.744855017737172 0.2560087334359584 0.19200343460686647 0.2646164343573979
0 0.8320000601513462 0.6421694666457353 0.08821949568106327 0.11635583496471374
0 0.56484375 0.9583333333333334 0.0796875 0.07916666666666666
0 0.2796875 0.9770833333333333 0.078125 0.041666666666666664
0 0.14378056447028284 0.7228770160876234 0.05899307063492083 0.09212963944210652
2 0.3859375 0.7364583333333333 0.4625 0.5229166666666667