1 0.41322666349181747 0.33354442424601916 0.2691088879720082 0.2871410844132735
1 0.22068488859670815 0.400608196430376 0.2462400730349427 0.32405924891566623
1 0.31749792116548725 0.19078918182097782 0.21034919461070398 0.26912892315839
1 0.42117810560372176 0.10780367911398778 0.21423121120744354 0.21560735822797555
1 0.650311343780867 0.2518844085555824 0.2556150730349426 0.3242774372272689
1 0.5456974666060284 0.44832539773201596 0.22907588382282337 0.2966122683963283
1 0.5346326798880643 0.6665792018443562 0.23975327469461655 0.3197471233745977
1 0.5524388383822824 0.02396651190680184 0.21112767676456468 0.04793302381360368
1 0.19917397365499823 0.18728471807531205 0.18279103444287886 0.16861981709798368
1 0.38799540084377016 0.7430050638559664 0.2377404888018452 0.284330456707931
1 0.4307641639160247 0.8348406439428889 0.2768980771841275 0.3143698766210086
1 0.7947907751188239 0.7982062997903829 0.20125761452679142 0.21898346428398838
1 0.8789047433752373 0.7503547245747245 0.17424482863402 0.1829849621197141
1 0.5935727398507524 0.8915481093123093 0.19815592531467202 0.19186376623205442
2 0.76484375 0.515625 0.4671875 0.6229166666666667
0 0.33601665851743995 0.5992316093101125 0.06891686597668398 0.08690762012928535
0 0.961561110177114 0.5805008728439643 0.07336756763635818 0.08285004761841984