1 0.2012643058439806 0.6208270706428483 0.2190602327051848 0.27448649300576783
1 0.37708380353490634 0.7232375447342627 0.16060389227157384 0.19117545350553963
1 0.08959549104652709 0.48661789592671895 0.13271262959490704 0.2649024585201045
1 0.46263386691824027 0.3525111707567948 0.1890802067862035 0.2213726399223204
1 0.7432701293120831 0.18780522134138328 0.211775413006759 0.23472130324594373
1 0.3178401938267127 0.20039264379297886 0.21790783581546255 0.28067587419693757
1 0.89765625 0.27708333333333335 0.2015625 0.2791666666666667
1 0.84140625 0.9333333333333333 0.2078125 0.12916666666666668
1 0.925 0.7729166666666667 0.146875 0.30416666666666664
1 0.39491443543888766 0.8880936627073321 0.17888500056564788 0.20850892706933902
1 0.925 0.5291666666666667 0.146875 0.2833333333333333
1 0.40757734561740727 0.10724570053603874 0.24327969123481452 0.19230491704020908
1 0.64453125 0.8770833333333333 0.2484375 0.24166666666666667
0 0.11362618774796185 0.7815914190198764 0.09175685598499984 0.11577341567683301
2 0.6664204141380546 0.6554975235320966 0.34441013016055494 0.47468438057487866
0 0.1706227327051848 0.2726073099320303 0.09548744872768503 0.10137193876999043