1 0.5666325366848002 0.38685569326472163 0.20233069279472177 0.2561097553183335
1 0.7871389164682558 0.5321988996992584 0.2171206185006847 0.28987949974583366
1 0.6601685541692704 0.8040288933663882 0.1814271594086268 0.22839605040453723
1 0.47019649122451135 0.09626451874444424 0.19039298244902275 0.19252903748888847
1 0.5477652132486929 0.20294134941967532 0.20090458511458992 0.26231126519675946
1 0.7231600183424001 0.17977787740925846 0.20090458511458972 0.26231126519675946
1 0.25521165188677947 0.30270673733638864 0.22989340314042073 0.3027674207184262
1 0.22164429710964137 0.48407883358749976 0.23283654671392995 0.29453106762824094
2 0.4580461130239013 0.7488015406553236 0.3348657111371217 0.46216927862074114
0 0.5868611539983506 0.05996544947050861 0.06757995658477522 0.09161991843944453
0 0.7334445812871591 0.9018225928347677 0.07860838479802065 0.09612601595712959
0 0.6717974098043383 0.40548185511925855 0.06923338479802066 0.09583507522768524