0 0.528982251234271 0.17917623163954272 0.1025820989738195 0.15724024159246805
2 0.7996610399876044 0.3542648048846671 0.19113806553881965 0.3152526887943286
1 0.3590918977951392 0.4882008210930284 0.2174459924005557 0.30314593005066126
1 0.3343224082443751 0.12076097820847345 0.21864481648875014 0.2415219564169469
1 0.39195176386770836 0.01733747804040574 0.18702852773541673 0.03467495608081148
1 0.6275093637914584 0.11696281086953599 0.21733688962701408 0.23392562173907197
1 0.8767294202122222 0.15197057401989467 0.20570840539458352 0.25629283070981845
1 0.5953560529053823 0.4400885044066913 0.2174459924005557 0.30314593005066137
0 0.7179207307170489 0.37857971660765527 0.06402743882958344 0.09332723432862586
1 0.546725063257709 0.8817913486357879 0.19764002583555573 0.15154344061028932
1 0.39067377858843805 0.8180887535991369 0.21897212480937522 0.3012082775755436
1 0.5371117142838894 0.7345302458310916 0.2174459924005557 0.30314593005066115
1 0.7189078813619798 0.7937457733738512 0.21889938962701408 0.2970416109088769
1 0.71423856515757 0.7952244826151648 0.21886302203583358 0.29495827757554355
1 0.21710703238816018 0.6923741409070836 0.2174459924005557 0.30314593005066115
1 0.4109388064207639 0.0754522900864156 0.21562761284152784 0.1509045801728312
1 0.7008677026003826 0.8809834507682134 0.19247974715020835 0.12402306470230898
1 0.3150568359591325 0.8793937823183703 0.17402068787965286 0.13894156107038783
1 0.12601056012357686 0.7634693115418067 0.1784549211621529 0.21423292278681907
1 0.17475391859670175 0.5523390027915825 0.19862325721819465 0.2972310930854069
0 0.2621130207046533 0.8498990910685945 0.06875130642076392 0.0958476102366061