1 0.6374826442513413 0.8882176959480023 0.21536930471268487 0.21198020842836104
1 0.7985664072108319 0.9130230737798409 0.21195177879370347 0.15989687509502773
1 0.6912638807262027 0.6595593948819979 0.21681422752138851 0.25780142128292144
1 0.5040121396796756 0.17639038251989392 0.2353687378889811 0.2787680798827558
1 0.3622921143263421 0.32756606896085777 0.25345435655064763 0.316389284670484
1 0.28213288850189716 0.6783660205598641 0.2043142275213885 0.2577044574527387
1 0.8594213925543978 0.2799375157535542 0.25345435655064785 0.316389284670484
1 0.7809068303488423 0.15548293729833126 0.1955256964186109 0.19516809601642038
1 0.90234375 0.6052083333333333 0.1921875 0.23541666666666666
1 0.13150817191374906 0.6461841327099491 0.19958706277120325 0.32846506791343516
1 0.3959301312918506 0.8640365227729638 0.18609190782296264 0.21799991933167745
1 0.40068208812453676 0.17406533411890027 0.2338650264846293 0.2558514132160891
1 0.684821933741944 0.2635745555640043 0.23163814514629594 0.29331505177977063
2 0.4645653882190732 0.5758577759616857 0.43554226955740666 0.5447695092325096