1 0.696924618418987 0.2102516070259652 0.2023512176006804 0.28543825827488684
1 0.5380283119730503 0.4232500503752941 0.2242262176006804 0.2873073432016742
1 0.3898686088851582 0.5997497892211161 0.19733633538669526 0.2725377400762895
1 0.4078125 0.8552083333333333 0.19375 0.28541666666666665
1 0.3328125 0.9552083333333333 0.20625 0.08541666666666667
1 0.8453125 0.94375 0.171875 0.10833333333333334
1 0.5286458443723699 0.1542997912759954 0.24166668874473984 0.23890941599606333
1 0.40947669292109107 0.09838674994463041 0.2002033858421822 0.14390509767441928
1 0.7993378673226788 0.7573780330995474 0.22008435462398895 0.3077401583364103
1 0.283621098085385 0.6800544509536123 0.22008435462398895 0.3077401583364103
2 0.62890625 0.8291666666666667 0.3421875 0.3375
0 0.6491195462791357 0.08144668413929104 0.08261409255827132 0.059025648775686265