1 0.49115834864869895 0.6138497318076104 0.21055674668035032 0.2903545683342301
1 0.7815277768327754 0.1699407446546178 0.21054765632127062 0.2882712350008967
1 0.4143357316532357 0.2031340796686281 0.22475560206654457 0.32291569605817083
1 0.21866416246959072 0.15529593596996188 0.26232832493918146 0.31059187193992377
1 0.6657487616092691 0.3245439685916835 0.22941583098930565 0.3171027386328177
1 0.9171875 0.46041666666666664 0.1625 0.30833333333333335
1 0.36296465007475476 0.43093105508551893 0.22478287314378348 0.3291656960581707
1 0.7692560775714602 0.5816685390452252 0.24991922852997775 0.3627465897896211
1 0.12270780961747926 0.5377409072507285 0.2420703670936592 0.3536848521652097
1 0.5853452067653677 0.8843483874104462 0.21301815046753808 0.13856259671732782
0 0.6286634147090859 0.7813109900470747 0.10682269262201594 0.14115629835866392
0 0.5941651739806639 0.5771514618320445 0.09115224082661796 0.12928282310984093
0 0.3831367703898678 0.5759850443578234 0.09587610226293623 0.13805319901782104
2 0.2916174117822197 0.7377052149925465 0.3141908067888089 0.41663617164312944