1 0.4476860639972086 0.5903569117407718 0.1765292797373265 0.21102142434741283
1 0.661531721505869 0.18533794653623545 0.18170145861557022 0.26334743837853786
1 0.7432265360689045 0.48038159556987975 0.14437187697836434 0.2251399436872679
1 0.49212662426483095 0.15556652218882255 0.17751192559888337 0.23602142434741294
1 0.31087438150092017 0.39903566278242053 0.2389407485296619 0.25325369795434916
1 0.7076110198992454 0.7631997184363392 0.19132876413349412 0.23086348748747507
1 0.21561387041964375 0.5712962032630791 0.12826219810012063 0.17196454721387228
1 0.2038829115769309 0.8871237611885275 0.16567366689245616 0.2122553752384756
1 0.25358974672063966 0.19000510845886953 0.18277263568479168 0.2509687787274337
1 0.49097463930283636 0.40367547307988527 0.18030937697836436 0.2279307717118712
1 0.38046875 0.8895833333333333 0.1671875 0.21666666666666667
2 0.6203125 0.8614583333333333 0.371875 0.27291666666666664