1 0.55234375 0.9114583333333334 0.1890625 0.17291666666666666
1 0.4753613172121507 0.42753691475702615 0.21141478714217127 0.28636355559090737
1 0.4965664240652723 0.06817403564605644 0.18499215186945542 0.12359689603224092
1 0.27821916576690253 0.04393473249520978 0.1810616684661949 0.08190598758751368
1 0.36000103941725636 0.1046309093995121 0.20187292116548727 0.20087416359005902
1 0.3732715566386958 0.022472572512178702 0.1690818867226084 0.03592720358581679
1 0.6123312887925565 0.2326133778909039 0.21141478714217127 0.2863635555909074
1 0.7732417875431565 0.483245123700357 0.18454371120744356 0.2255832622533319
1 0.861503417216795 0.18226479126878065 0.1586198286340199 0.18146963558242302
1 0.8289967253053835 0.3277223770421748 0.16759300954776962 0.22948326936133204
1 0.16958122343128362 0.6896946107044225 0.20125761452679147 0.2175165884786651
2 0.140471296042019 0.8716953760343621 0.24673513527271584 0.16618475026521035
0 0.20823393941261198 0.3535392995968466 0.0829560551888033 0.11368784712496899