1 0.27133601823611136 0.3961601477032767 0.25243924145062524 0.3379217751255362
1 0.46747266793111164 0.8315386356613329 0.21530161094166686 0.26638094710093296
1 0.9171875 0.24375 0.1625 0.2916666666666667
1 0.6926518930454866 0.6450729447225463 0.2235505220358336 0.2919876488454118
1 0.3964431613785071 0.2581459092682691 0.2235505220358336 0.29198764884541184
1 0.90390625 0.55 0.1890625 0.31666666666666665
1 0.5746785705728128 0.3402677831763771 0.22355052203583342 0.29198764884541184
1 0.2023086888295834 0.08398112988202185 0.22336737765916678 0.1679622597640437
1 0.4072137411662847 0.043013628269305555 0.1863024823325695 0.08602725653861111
1 0.8500130642076394 0.8310375870229767 0.19106402393569474 0.2187275085341625
2 0.4810045718070837 0.5759765549823646 0.27536890159486127 0.40003720667674403
0 0.7788478854460423 0.9220965799132981 0.058394381458888846 0.037822926242477926