1 0.66640625 0.9208333333333333 0.2296875 0.15416666666666667
1 0.35043030128112634 0.29549166405752797 0.22893844499481997 0.31547520809178003
1 0.5132235537623258 0.3661329481060041 0.2289384449948201 0.31547520809178003
1 0.6901092313887501 0.3054816309432996 0.2575000926374553 0.33103630627500874
1 0.8445677531003719 0.4717224574154304 0.19554374813797323 0.2952372602113462
1 0.13634864639978087 0.6281244842481845 0.21505572745980875 0.2745313866770116
1 0.48359375 0.9354166666666667 0.1734375 0.125
1 0.7046663068626976 0.7667699032664534 0.22893844499481997 0.31547520809177976
1 0.0836131364749834 0.41069271495298243 0.14845042431665562 0.2838854299059649
0 0.20868579528527026 0.047618114353857606 0.12987159057054057 0.0639450028347092
0 0.42115156203449333 0.11432635072807397 0.07856595574818695 0.11024626182194357
0 0.1710617865988179 0.4855860400077586 0.0952825748547749 0.14319687192373748
0 0.9546875 0.940625 0.06875 0.11458333333333333
2 0.3606615957378271 0.7220648143603231 0.39751727874093506 0.5517414921402561