2 0.5947977675802885 0.2511854984813999 0.4458455351605769 0.5023709969627999
1 0.6933120180417138 0.4427973271648169 0.2346310255998528 0.31502565586097425
1 0.6784460865171662 0.5903294253826914 0.20294093460686646 0.27105352256528753
1 0.6823685302233313 0.851413463968285 0.17806204811738696 0.20685475768074635
1 0.5724335232835011 0.7993086112009806 0.28543206199704746 0.3355752136923063
1 0.90859375 0.6583333333333333 0.1796875 0.225
1 0.9 0.5041666666666667 0.196875 0.2916666666666667
1 0.3292845866740498 0.13393635627508568 0.23126619370616516 0.26787271255017137
1 0.4459735479605033 0.6481138110503947 0.22505576650055428 0.3101309471009329
1 0.4007587823827997 0.8168227162461851 0.24440654379845023 0.32408703128768224
1 0.11097228253968325 0.3510529123995854 0.20091735965300903 0.2937275085341625
1 0.48994268198597285 0.06943986338476438 0.26426036397194574 0.13887972676952876
1 0.39129893506829183 0.45684101450170606 0.26455835749354073 0.3547097821410986
0 0.49383125462347854 0.5670262462035 0.0733559592838688 0.10117230868474844