2 0.54151975437275 0.7783962694352023 0.32904873970819626 0.4121032292726892
0 0.6405315970959671 0.9271661300496412 0.060044421820650486 0.09004630610877343
0 0.12297730633930237 0.8706845553496284 0.05691942182065048 0.08990080290255757
0 0.426244409233637 0.3321925402190586 0.060044421820650486 0.09004630610877319
1 0.43046875 0.953125 0.1640625 0.08958333333333333
1 0.484375 0.9677083333333333 0.159375 0.06041666666666667
1 0.38692720453222956 0.4881019264266769 0.1736601248550679 0.2407539968503298
1 0.28947799074696634 0.39059198728822825 0.1736601248550679 0.2407539968503297
1 0.20872258513717337 0.5195007044103819 0.197448311219586 0.273022519293839
1 0.2615915910562271 0.16783073647253796 0.1993934484924896 0.27934527089694683
1 0.40521391636063875 0.12542004741890736 0.21769716727872254 0.22203046000712282
1 0.7558517740867653 0.18248690972127193 0.20392145182646945 0.3024074407698291
1 0.7733429366543821 0.47266548745786424 0.17557331121958608 0.27200399685032983
1 0.5575580531745004 0.2860748383405654 0.18641521637033698 0.24550267634185893
1 0.228125 0.990625 0.21875 0.014583333333333334