1 0.6323166915413999 0.5374432833442686 0.19452900723608924 0.2683502740679176
1 0.602081478403274 0.12522094605660258 0.19166295680654793 0.19543360740125093
1 0.762411384553138 0.8126873169560966 0.22520579715018094 0.25546472729976794
1 0.73203125 0.9697916666666667 0.2109375 0.05625
1 0.5421875 0.9135416666666667 0.225 0.16875
1 0.31796875 0.9145833333333333 0.2265625 0.16666666666666666
1 0.28591748360319824 0.8678762931805257 0.2237251843053107 0.25746317130484236
1 0.5251825429663095 0.41000803234329175 0.19182008706427264 0.2390987180729918
1 0.5551001735627186 0.7546493702900132 0.19182008706427264 0.2390987180729918
1 0.655301653663473 0.05119362854060005 0.17310330732694618 0.040587826108510756
1 0.8380178149017198 0.6338531180205003 0.16360655585660844 0.27498582083606726
1 0.812579644391219 0.30400733672776004 0.13917976594251655 0.2882109249172534
1 0.5289825723649516 0.3083491456512544 0.1860680540475858 0.2117607167548808
1 0.4803503205559293 0.24126157713427496 0.186068054047586 0.2117607167548808
1 0.44088835085908257 0.16947501125351738 0.18606805404758586 0.2117607167548808
1 0.3988402917231141 0.0715618893778339 0.17424308344622813 0.10925293678025157
0 0.7310530054270669 0.23305375898400438 0.06421298620519007 0.0866440171354417
0 0.34886462516934214 0.1686332075528919 0.06421298620519007 0.0866440171354417
2 0.3018789190401628 0.5797785230917281 0.3501659328349726 0.499246537590948
1 0.30258716870147845 0.2804576377178016 0.21583744120271567 0.21545694732513876
1 0.7557011233603198 0.126290878223466 0.14577724672063966 0.17838848354840114