1 0.77446638737268 0.43434402480898754 0.23552151869827115 0.3248745552783637
1 0.4571618033895429 0.5801743316761943 0.23395901869827132 0.3247775224688892
1 0.5953125 0.8770833333333333 0.234375 0.24166666666666667
1 0.7638396120703149 0.7376859125951211 0.3365396733768161 0.4477513217513968
1 0.18984539202736236 0.28039393713693717 0.23375902402927137 0.3018608558022225
1 0.2802709447008166 0.3526399903483863 0.23557606269890757 0.33112455527836365
1 0.4125 0.8416666666666667 0.234375 0.3125
1 0.295322685351681 0.19845050151453492 0.21321016669318063 0.27351609594572096
1 0.50390625 0.978125 0.1828125 0.03958333333333333
2 0.2381669027291335 0.6279995552783636 0.3069794427116343 0.4604910317047152
0 0.6147299500715876 0.7409192792903087 0.08539315467854483 0.12190643837828835
0 0.9490771307288153 0.6690244835892505 0.07752611067790838 0.11517127433091616