1 0.58117135063194 0.6533400690631659 0.1988889586155702 0.2705773822317051
1 0.39032950814060036 0.24938520503150025 0.21434354025277608 0.30752459798998616
1 0.4798623196514182 0.14671636292033913 0.24295986318355456 0.29343272584067825
1 0.6964212143813213 0.6711339486534046 0.24295986318355461 0.3230856961732149
1 0.5632479454981288 0.8760227729028821 0.19882700361804453 0.15025423192890983
1 0.3627190010160528 0.8643722183674197 0.22175989258219672 0.21913169172790864
1 0.906932668474336 0.7371425314713033 0.17794129353213642 0.1334601054632446
1 0.6012249853006789 0.023236691502337963 0.18057497060135788 0.046473383004675926
1 0.28590643826203965 0.6467698723102229 0.20365170171816524 0.3125841709187303
1 0.7459177668470277 0.23369802238744755 0.21804175033868417 0.32244805334367826
1 0.8824638557203226 0.5138431415730972 0.18630042740790592 0.3065468331400905
1 0.09876944990914296 0.217304825248019 0.13615658525525037 0.17869839717822192
1 0.6629713907731744 0.10123423170333935 0.22281778154634874 0.2024684634066787
2 0.578092858999683 0.37540643067893575 0.26860167231952303 0.4212998836490596
0 0.43649293645301734 0.5655205599793102 0.06100609905006031 0.08754225737663711
0 0.33720666666531357 0.7342913448330851 0.06585737336031983 0.09221910707384187