1 0.17748650512049752 0.21047954342324346 0.1611488735787013 0.15752291480463984
1 0.6411750917263215 0.5696264761471554 0.2601463576525115 0.35481748442082617
1 0.535135736281123 0.817557348769903 0.2361782366340588 0.3055423584215167
1 0.29503656811938533 0.44009147394364895 0.24729774715740255 0.3103882547545048
1 0.69609375 0.9239583333333333 0.1921875 0.14791666666666667
1 0.8237230102409949 0.4500689296888299 0.2042001945406839 0.28693503556536065
1 0.5302783051769673 0.15343635731675745 0.24180661035393455 0.2560275224688892
1 0.4075688472703421 0.16243743203494046 0.26513769454068414 0.29071931513486515
1 0.3729248916416169 0.6713957344891222 0.24406633134415223 0.3434304896594147
1 0.7245211288403731 0.19458657595352197 0.2084172576807463 0.31212910118430953
0 0.17551229437127486 0.5220092153284988 0.0956302893919517 0.12021123628285295
0 0.7105789971574026 0.33915848276368715 0.08910727360693613 0.11357310504495502
2 0.84296875 0.6979166666666666 0.3109375 0.4583333333333333