1 0.5911781708582085 0.919460877206753 0.16991568511654265 0.11195108819920208
1 0.43505711251335527 0.662866988636882 0.2084920901960187 0.2739682901342405
1 0.5485466605217715 0.3071559877929191 0.2284970553496283 0.3227579760382009
1 0.6991840667823738 0.35437487636279014 0.2185764183263199 0.30148813308622074
1 0.8562376533501954 0.49724521925822496 0.20327880054030487 0.31326061705514263
1 0.6146156377410987 0.589844469343043 0.21534229092165802 0.29717596321333845
1 0.13998019237293696 0.3272221986722775 0.21695935462398896 0.2993320481497796
1 0.37897322658635507 0.11489746189084872 0.20320438947037936 0.22979492378169744
1 0.6478025829396246 0.022285002305707364 0.16748016587924913 0.04457000461141473
1 0.4830679603442863 0.030016497524656613 0.14426092068857255 0.060032995049313226
1 0.4537426582443368 0.9581910607484606 0.19478671034428618 0.04860453211870161
1 0.4422570320208014 0.848174527898887 0.21775796279135698 0.27023813308622074
2 0.3367113486335392 0.3722949149504682 0.27377483901489236 0.38312835425855274
0 0.34178577295030876 0.5660449149504682 0.06980655771188111 0.10312831893363583
0 0.46119793874473985 0.19754290769407404 0.07600199400955035 0.10133599201273362