2 0.5322282553627531 0.6151857890785143 0.25616922852997775 0.355399681277673
1 0.661701611043535 0.395163028669633 0.1775442587805987 0.2359647074706158
1 0.8204054871141846 0.7882481593551512 0.20888516237139498 0.25873869699343854
1 0.9263271924256241 0.36161008987555676 0.1369828912941557 0.24802518775761276
1 0.8275124425238201 0.2690386895453314 0.20887607201231545 0.25665536366010544
1 0.7785522468767421 0.146239005784956 0.21022949375348415 0.20883572980291323
1 0.374741445647078 0.1430310245358038 0.13217721662612103 0.22065075599585604
1 0.41214651775758915 0.3026029622251206 0.21665221057599685 0.24880719437414445
1 0.5246192466803503 0.30333932450728296 0.22621810811666876 0.29313939123099125
1 0.61953125 0.890625 0.2109375 0.21458333333333332
1 0.4040492340891226 0.7738472489635365 0.16343630698520056 0.22467474551867875
1 0.32440666500367354 0.6001970920850754 0.16343630698520065 0.2246747455186788
1 0.28125 0.9458333333333333 0.171875 0.10416666666666667
1 0.18823631908544902 0.18039393713693716 0.2151442527304745 0.26121016156467
0 0.4467548845566608 0.8952171348193474 0.07697156615858276 0.0985046076642495
0 0.6336321949597069 0.7641527386229512 0.07697156615858276 0.0985046076642495
1 0.11833899306611302 0.8081735781630407 0.1636090238077134 0.2642580788520121
1 0.052876577767851894 0.4833618996412538 0.10260789129415604 0.24589046594917435
1 0.08586581888905731 0.3469064383782884 0.1698408430895541 0.2604795434232435