2 0.7034126871134241 0.24250317763396728 0.34084710910325244 0.4521230722246693
1 0.5663916928632999 0.5210217177399351 0.23051590273485498 0.2787169696257697
1 0.5689752036141457 0.7587631167724159 0.23051590273485498 0.2787169696257697
1 0.35781391831749276 0.5431976809532736 0.23051590273485506 0.2787169696257697
1 0.3736933651429924 0.2838226809532736 0.21881312818904775 0.26570770840401503
1 0.17852490210663524 0.5068815760486666 0.22955918061464214 0.3139881330862207
1 0.4385068404280073 0.9175263660132711 0.2023275166698994 0.12367728372180929
1 0.23075592136160852 0.06791003763062448 0.13848815727678296 0.13582007526124895
1 0.8583230698443998 0.10441452694183335 0.14381338606495575 0.16042330453393816
1 0.6196749001497812 0.04617719982513116 0.16469997091226496 0.09235439965026232
1 0.6984239743669309 0.9220435149609337 0.1377867845477468 0.08743388626416362
1 0.13350034709596706 0.8860250984921758 0.17225737939699584 0.11604500326276082
1 0.5030453806049439 0.029980121723102708 0.19078423879011233 0.059960243446205416
0 0.4211259587842934 0.1071130182802401 0.0903696506088231 0.1018452532344883
1 0.7155312102821053 0.7062366359531643 0.21967399758410408 0.3052182901342405
1 0.424410971202129 0.3333960839793876 0.16546498758216438 0.23414023883479068
1 0.47707345665826145 0.2748544084814916 0.16546498758216438 0.23414023883479065