1 0.931320504757511 0.371516178405728 0.1129838052100677 0.24318758499336562
1 0.6528980599675787 0.14959337014128904 0.23402405128112633 0.2705573966026565
1 0.7539553300265706 0.4487321165040904 0.18842045285270287 0.2597622727498067
1 0.1032682793646168 0.41442418904976464 0.2033562481379732 0.2855262767041393
1 0.4199272022335304 0.06895695254800763 0.17577059553293925 0.13791390509601525
1 0.847448580645743 0.11615042677048298 0.19619441149637415 0.2144382753860285
1 0.8378186379272347 0.8829249774929653 0.17348034946188085 0.144584714118659
1 0.2743063713828994 0.4290446962745872 0.196160178245597 0.2581033860577693
1 0.603668539703699 0.3758012706734909 0.23595042431665564 0.28105895259758235
1 0.4654686805219086 0.20240353353746585 0.2166910020669146 0.26545694732513875
1 0.7468619598865254 0.607150339165683 0.1468836162111037 0.1868067062099937
2 0.45349294954744324 0.6345254215476142 0.43440084863331113 0.5600805613169442