2 0.4157380166574378 0.209196649335159 0.3685239666851244 0.3989952798446408
1 0.4679492496954582 0.7351139470389225 0.23739508019564473 0.3315245375205611
1 0.578195137264672 0.7049519542526244 0.23609339605020363 0.30444120418722775
1 0.7209228578073078 0.6666576470473461 0.23609339605020363 0.3044412041872277
1 0.6238347116002206 0.47191056804688974 0.2254167119047624 0.2769941580009129
1 0.6538109107050566 0.3530584929170918 0.25953089605020346 0.30535048631968126
1 0.5701751927833145 0.22040624474268627 0.21936697100406094 0.2809183494322586
1 0.5401546306293834 0.04704608392634534 0.17594073874123312 0.05881202111349014
1 0.6695930043189366 0.1386873254146643 0.2233139913621267 0.23324415800091286
1 0.7748057287190837 0.44124133095684454 0.21211567550756777 0.2598425408636042
1 0.8542476950996664 0.7751474116288226 0.17539812307124442 0.17731954587816906
1 0.69915038248431 0.8265287444345406 0.21045304595791842 0.2576985887214406
1 0.61171875 0.8885416666666667 0.2015625 0.21875
0 0.8121975023163518 0.5752303242707578 0.09018251387966067 0.12410674901016652
0 0.2573831870801019 0.7843433121311671 0.09018251387966059 0.12410674901016634
1 0.18614614204503396 0.5728578007386613 0.19266476866002263 0.2445317818243081
1 0.47421875 0.934375 0.2265625 0.12708333333333333
1 0.7959984107050566 0.3585748045206438 0.13617493676633466 0.2049101235152496