1 0.7607402420432707 0.40738129383808036 0.23403174403245294 0.324131978352867
1 0.3767850547421783 0.7330482283583593 0.23403174403245303 0.32413197835286717
1 0.5638925140435889 0.4150882483817375 0.17231244668999893 0.23313042099411613
1 0.7221306333545444 0.19156919805852438 0.2133374360279987 0.27990923701106124
1 0.37035904801877184 0.175792926410293 0.18172380935708982 0.23751527597238542
1 0.7574816187539505 0.8398366017384491 0.14809314934754472 0.14300161688177607
1 0.5505145507638136 0.9415481093123094 0.18201361600890884 0.09171830735765264
1 0.3610429707590412 0.8990732402629642 0.24220677601845378 0.18685016666446994
1 0.43032384667409057 0.0688438181834159 0.16064769334818116 0.1376876363668318
1 0.6139994126750451 0.07620057630109074 0.18112382535009014 0.15240115260218148
0 0.5597419107256336 0.5662571915635058 0.08226815467854501 0.11855763203389014
2 0.27883626137808887 0.43318314285965354 0.32086012937617986 0.4282153712092254