1 0.781753486205002 0.2110907340580587 0.16494049763774718 0.22735944753799597
1 0.7392163005403048 0.37234530831158935 0.1817658990890262 0.2746495894534858
1 0.46721730416850205 0.46128881059896887 0.18176589908902616 0.2746495894534858
1 0.47343998920022673 0.13350611208535082 0.16250497840045353 0.19388043334644703
1 0.5586359339354164 0.2619876904750056 0.2084920901960187 0.28337616404315175
1 0.2377877868301249 0.8960727846713181 0.17349704210278444 0.19698353268728988
1 0.7859375 0.9302083333333333 0.175 0.13541666666666666
1 0.2539286196849314 0.5006326925943174 0.19642859981466554 0.29887738384409324
1 0.2808631088003402 0.16023335233327732 0.2304762176006804 0.28958236272483745
2 0.60078125 0.778125 0.4015625 0.4395833333333333
0 0.6556176052569611 0.5131455135848465 0.056815484390903316 0.0863488300375477