1 0.85703125 0.45929108331005414 0.221875 0.3023578708538943
1 0.62421875 0.28775888079434814 0.190625 0.2553121613439561
1 0.6921875 0.15185413231179698 0.221875 0.2586078708538943
1 0.21796875 0.9166666666666666 0.2234375 0.1625
1 0.5109375 0.7896140171541556 0.203125 0.2682971118145981
1 0.3796875 0.191813703879082 0.203125 0.28288044514793137
2 0.32421875 0.3990367361656085 0.3109375 0.41831314295721805
0 0.965625 0.6687124238570893 0.065625 0.11087932330420358
0 0.91796875 0.6908218835211002 0.0765625 0.10922032163268179
1 0.63515625 0.6725582124561598 0.1984375 0.27853192205477395
1 0.759375 0.5982107410914973 0.1984375 0.27853192205477395