1 0.18446609780595405 0.4982077997741211 0.21461942775829593 0.29763094710093274
1 0.19453834739891696 0.7310454980108188 0.21461942775829593 0.29763094710093296
1 0.54609375 0.8822916666666667 0.2171875 0.23125
1 0.34609375 0.9072916666666667 0.2171875 0.18125
1 0.9015625 0.415625 0.19375 0.32708333333333334
1 0.7812869561685102 0.12310950427345148 0.21882391233702042 0.14186630849651602
1 0.8741479809219811 0.7182642199549392 0.2196069366867497 0.32091163481428686
1 0.92265625 0.6541666666666667 0.1515625 0.35833333333333334
1 0.39625876014297445 0.6395280767006059 0.2050535129856435 0.2823195716742247
1 0.3702711842511176 0.4429163048005023 0.2050535129856435 0.2823195716742248
1 0.6358886814117438 0.1648891816516943 0.22177736282348767 0.24823764884541183
1 0.5334957073830309 0.6897286905623218 0.18797510714144483 0.28931816116970427
2 0.5254632447216989 0.4934706660078531 0.24934898376465037 0.32738376810997377