1 0.6611786790683384 0.8441014119061496 0.173054346975281 0.20791104604253785
1 0.9112728556000947 0.2688532401374862 0.1445467097023773 0.19991445547199713
1 0.736798627270964 0.10849355169090187 0.163902745458072 0.13470328094744766
1 0.5788267595428976 0.12691527074345424 0.19234648091420467 0.19250580589903926
1 0.7781574666602011 0.2783623010702263 0.1914217097023773 0.20282543975623143
1 0.840945411649533 0.6618241055913224 0.16546498758216438 0.2364955158523576
1 0.7931299228594206 0.738322369997441 0.130866846975281 0.205291160186727
1 0.8392558816437139 0.8687533352576438 0.17834762485506808 0.24352177832815347
1 0.5688464974149261 0.366789702505211 0.1783476248550679 0.24352177832815336
1 0.16058771620115916 0.3999915381846549 0.14872402667183912 0.19187222056708725
2 0.43662470240619766 0.6691298238183114 0.3469059194047545 0.40341912489454995