1 0.6544345353100731 0.2768090041398415 0.1828239569792892 0.2507421064228981
1 0.6833095576312076 0.21777074690263423 0.20796032467404083 0.2627112980411564
1 0.781963471593081 0.37401213069153044 0.23358761606989856 0.3121804896594147
1 0.19840885755177726 0.5861500024827024 0.23377853084255099 0.32676382299274803
1 0.6122513948904453 0.7561240920910878 0.23377853084255093 0.32676382299274803
1 0.28881566924017454 0.5971887661998495 0.233778530842551 0.32676382299274803
1 0.5127559553610266 0.7237925252307876 0.21922510714144483 0.28839052770747764
1 0.05554484212720647 0.3558333024541816 0.11108968425441294 0.2716667284249701
1 0.22098546672511227 0.8293406277930403 0.23372398376465037 0.3225971563260813
1 0.3724894655072963 0.7647686283454199 0.2625580957773591 0.37851041356328874
1 0.7733173543053664 0.6170600788580245 0.2256387483751469 0.3012786589453756
1 0.8803310133959759 0.5521285144804267 0.22410352191409721 0.3032649594692345
1 0.840356218750412 0.05633826220261211 0.14741256249917606 0.11267652440522422
2 0.45744648701435653 0.2589040419087085 0.428857025971287 0.517808083817417