1 0.7900845726196307 0.6931128958018414 0.23148232026407384 0.25841163481428686
1 0.7061866091890285 0.5265563237511519 0.2737668565506478 0.3342404698544527
1 0.6242392909047224 0.09915353365332849 0.2702714181905552 0.19830706730665698
1 0.48781448388296333 0.19426174098888613 0.2626926555138883 0.3313077540788488
1 0.1398023171530105 0.8545027827057959 0.2449392275213885 0.2739656909387866
1 0.22526136352435308 0.8551207301831937 0.22210732026407368 0.25768359272091224
1 0.3363355645611124 0.8444222320782587 0.20064242337435143 0.262234827836371
1 0.43451878633305674 0.7932704707956151 0.17624801611703664 0.24583138926960071
1 0.5069111961822697 0.7679578182541895 0.18671662441111075 0.26322609802964225
1 0.445679044674399 0.5758048181600732 0.23454853166842557 0.2814496418298494
1 0.21334499830305642 0.5865928634788806 0.23454853166842557 0.2814496418298494
1 0.6598856820450004 0.28453493770698385 0.27853226899175887 0.3594831505522443
2 0.9017820731852787 0.48338512048807286 0.14464528454314732 0.3801765401983098