1 0.6037606657809105 0.771198925016386 0.23931681788754577 0.3326757106573152
1 0.35758703850994655 0.8589574146511645 0.1908159318225901 0.17456240498521444
1 0.29872338198206966 0.4110730591888451 0.23931681788754577 0.3326757106573152
1 0.39583801379496153 0.2126014027537382 0.22034367728066223 0.3017725228282575
1 0.3758447650029095 0.08962749460141527 0.21731453000581896 0.17925498920283053
1 0.5186381718206505 0.06642494771098173 0.20290134364130097 0.13284989542196346
1 0.17903211956423407 0.6516538979207631 0.205260811219586 0.28368506611963457
1 0.4729418741061619 0.49618584479881167 0.21198904334173854 0.31749199613361995
1 0.5537776727387345 0.3528125078664219 0.21265872303829667 0.3030665283605039
1 0.5626578204726196 0.5877400373271827 0.23022886031120038 0.31105304952289503
1 0.7196408862341335 0.7123261424398664 0.21087308243141328 0.27389986169383745
1 0.6333222962166765 0.12473312502567481 0.1815362687959313 0.24946625005134962
2 0.7614787313732465 0.26579672445696884 0.31549642273873424 0.43561299420043
0 0.8069976228982139 0.6112664749402664 0.07461710485118864 0.10277941798289732
0 0.8086890869733413 0.04826056705526695 0.05656873545613257 0.06161742904739042