1 0.26640625 0.9302083333333333 0.1984375 0.13541666666666666
1 0.40078125 0.8625 0.2046875 0.2708333333333333
1 0.8455853721008163 0.8128211032104562 0.17254390606883482 0.30729535712818573
1 0.6886808942307274 0.4867278943526693 0.24378117728066223 0.30414050623151795
1 0.3933847564987819 0.6235424296130001 0.20771613152302776 0.2984262650131851
1 0.58359375 0.9614583333333333 0.2015625 0.07291666666666667
1 0.65546875 0.896875 0.2015625 0.20208333333333334
1 0.3995700810542875 0.26571377401082646 0.16938721303635712 0.2303698893550699
1 0.4240913331803194 0.09630123071944939 0.14869233363936124 0.12061576597978023
1 0.6398598543921467 0.12858227747622117 0.21715529121570665 0.1482373184024603
2 0.2367036771114844 0.3708394841025319 0.22917654334173854 0.319228517296011
1 0.7843600560494381 0.47752876074581985 0.16441267061270254 0.2505717604475339
1 0.6646689225695566 0.28830531980100316 0.19097517061270253 0.25325547497122897