1 0.7021890418323791 0.8404035307493516 0.18230769780928674 0.2068863582133635
1 0.5250809725529069 0.8804897162298493 0.20309155925034225 0.15875544314015097
1 0.2682449169969813 0.4647108338501282 0.20839883636823106 0.259022455272549
1 0.2042803907370224 0.7872921385997285 0.15808058762187222 0.24016692782084448
1 0.19281770500192966 0.7050936068290876 0.15808058762187222 0.24016692782084448
1 0.40990488275295656 0.2623373000246079 0.16704641066226814 0.2222179642180392
1 0.5967660367513071 0.16839183118001516 0.16929087226160816 0.2536014702842383
1 0.8160843380840905 0.12519664867724742 0.16772837226160825 0.25039329735449484
1 0.7491539361973112 0.43921596546080705 0.16929087226160835 0.2536014702842383
1 0.7321472587754887 0.06624775036298645 0.18497805674305995 0.1324955007259729
2 0.5060427821989606 0.5379676526885672 0.3609113855894435 0.5299053588285971