2 0.38977613440558967 0.857992220456927 0.24876742116215295 0.22270155962079297
1 0.49798933111895777 0.7794700962487042 0.24437216831236128 0.32832009737992346
1 0.3012253935236454 0.6589729551764183 0.20574477298576407 0.2599479906013734
1 0.33874488373999967 0.5647170472914188 0.20574477298576407 0.2599479906013736
1 0.2347483679724302 0.5357107064926491 0.16915265634451399 0.21881708271637404
1 0.6211222790665969 0.47171791311895983 0.21395731648875013 0.2836539850691269
1 0.8137637207459718 0.47097151643211516 0.17965505167111145 0.2843476094110115
1 0.8360394174593399 0.4011319980358474 0.17965505167111137 0.2843476094110116
1 0.6284107150463887 0.27757324921841636 0.20937891926229177 0.2894303883884748
1 0.613079268617361 0.11417474840096441 0.20937891926229177 0.22834949680192881
1 0.4942707979682984 0.36703348850355905 0.2240960359035419 0.32835117843043116
1 0.8869869344611804 0.20777543178255112 0.1968061840799308 0.28400079724006927
1 0.2353705362847915 0.23201763650663443 0.20084037385944464 0.3363998616938373
1 0.696019055186493 0.08864491465116447 0.18786628875333342 0.17728982930232895
1 0.7521956667937498 0.11777149985085694 0.19775043502986128 0.23554299970171388
1 0.8293023742406943 0.16161205695736894 0.20440047853284754 0.27229012504115613
1 0.403578941679375 0.004147435679893711 0.23034211664124998 0.008294871359787423
1 0.4037594732145138 0.0837087662471038 0.2518560535709724 0.1674175324942076
0 0.3431096478920484 0.2700043134048608 0.0942604526972918 0.12806406805282455
0 0.3732530492025693 0.15153773332094828 0.0942604526972917 0.12806406805282458
0 0.21596526643315955 0.31612475711580074 0.09426045269729177 0.12806406805282455
1 0.4139838859242011 0.36474689818808675 0.22551306553881964 0.3201757106573152