1 0.6826542580627706 0.5495600455998655 0.1702141083532208 0.23598414258776051
1 0.6054367865988179 0.5236716835472988 0.17679374813797324 0.29058785182907426
1 0.860903382546042 0.5028445180571061 0.19750435442427944 0.2592940505107599
1 0.9071147948709856 0.30988100056977136 0.17141273531769166 0.22571315677930953
1 0.4145570754739474 0.49860695217832324 0.18485880521006776 0.25396193697836816
1 0.13535338068401515 0.7093016742666443 0.15564218610347988 0.22008968153048633
1 0.09050949172783239 0.25035657838965475 0.15578773531769158 0.2242563481971531
1 0.91953125 0.915625 0.1515625 0.16458333333333333
1 0.45766287427387436 0.7071659452506165 0.1488827638537389 0.20492362476429046
1 0.18000433126491566 0.1818684156910446 0.20241017824559707 0.2659810930854069
1 0.47624363047912743 0.21364160498957632 0.20756855913900912 0.23531381651826944
2 0.64453125 0.8354166666666667 0.3734375 0.325