1 0.903125 0.590625 0.190625 0.26458333333333334
1 0.8147912403665816 0.34486105952046386 0.2309557979675713 0.2798992441733336
1 0.10882369985435073 0.586315475810139 0.1977341210079671 0.260130951620278
1 0.3393522858268703 0.6319851903481948 0.18421719028743927 0.2846945405261112
1 0.6489425830030188 0.5083498813296766 0.22608644154108043 0.27142044047527797
1 0.364429876022532 0.2070103063561578 0.18421719028743927 0.2846945405261113
1 0.5250180350354474 0.23177221048416724 0.19092183135366608 0.30572183434574096
1 0.19412601702225182 0.8460801386770835 0.1891487311953815 0.22447183434574094
1 0.6686567232778227 0.12380603685134334 0.15837009263643723 0.17355052203583352
1 0.34027960299477145 0.8891313866501391 0.17784751834240006 0.20746573682805594
1 0.86328125 0.9729166666666667 0.1984375 0.05
1 0.07023725831327021 0.32071384992375 0.12053512351524956 0.22858826899648163
1 0.94921875 0.228125 0.0984375 0.23125