1 0.2087648755905632 0.07271907543000448 0.16997024881887363 0.1218378518290742
1 0.3101314242319516 0.2690837071220018 0.17318950725639412 0.2447545184957408
1 0.7182043629766914 0.08784652811253083 0.16046627404661712 0.05652611420466264
1 0.4876686032732266 0.5174512079623403 0.1680654976377472 0.22765080925442724
1 0.3034324686121707 0.7341769234590899 0.16806549763774728 0.22765080925442713
1 0.3875 0.9895833333333334 0.16875 0.016666666666666666
1 0.540625 0.953125 0.16875 0.08958333333333333
1 0.5294840479235983 0.8346129954252409 0.13605160580511538 0.19557052542344783
1 0.8015625 0.909375 0.10625 0.17708333333333334
1 0.36545138520921006 0.07062049458490248 0.1659722295815799 0.08821315677930958
1 0.5793849104369535 0.15530778635199508 0.19424605172143128 0.2155440505107599
2 0.7549255690598085 0.3303944183801278 0.20580359981466573 0.2997514689933871