1 0.11677359490398476 0.5992364098373121 0.19383220752810457 0.25977567030729937
1 0.1896738785158127 0.811221289489467 0.2097755425090765 0.27031354176169436
1 0.2809938982874762 0.9355425426781889 0.20525518577927465 0.12239687509502772
1 0.364732297946284 0.30036759107918265 0.2382825444862428 0.28303171037960506
1 0.22051140714754372 0.46506676346865394 0.2382825444862428 0.28303171037960506
1 0.19290903608328586 0.226682663026034 0.23821887749004844 0.28094837704627174
1 0.55287694368794 0.16658510552345868 0.238282544486243 0.28303171037960506
1 0.7734626522046278 0.42952005374368796 0.2399087114824372 0.2851271641917112
1 0.8256366003411924 0.628120832953223 0.2399087114824372 0.28512716419171125
1 0.94765625 0.6875 0.1015625 0.2708333333333333
1 0.761213367109925 0.20768747541939284 0.2616855523949084 0.33320139708242463
0 0.2579371057783997 0.6669076872265307 0.07786501482874764 0.09433178298109558
2 0.5412244496566202 0.7313926677140892 0.45041908304098666 0.5283694930988451