1 0.2332800207643387 0.40918499783352924 0.19933068401734041 0.27519709956538774
1 0.31677214413127847 0.8554676179628145 0.18749854195220053 0.21872891125378496
1 0.8632867682040899 0.3239490735853133 0.19785918927901242 0.2772440681801206
1 0.39919969432892255 0.5805843501048086 0.23276481029746474 0.3259243939373969
1 0.2780219153191402 0.6651751726167723 0.188029162970653 0.26660921320185127
1 0.1931772074831022 0.5809925405828821 0.18857519454068408 0.2791092132018512
1 0.37139539981647335 0.26567373430407115 0.19933068401734041 0.27519709956538774
1 0.4675801550781452 0.26999349783133236 0.22258617349399668 0.2715759036777278
1 0.6390625 0.8802083333333334 0.234375 0.23541666666666666
1 0.78671875 0.8979166666666667 0.1609375 0.2
1 0.8163787600292336 0.715166453456028 0.18020125241907436 0.3018076915569151
1 0.8158818762095372 0.16779525756836816 0.17088789462538861 0.16006829545304757
1 0.5516072736069362 0.12106098484349198 0.2500895472138723 0.22226683333113648
0 0.8019382864787671 0.5275209945816263 0.0773507262518894 0.09129247510755457
2 0.6109107390531333 0.6032019204492031 0.39793332594130604 0.5337275324641089