2 0.45859375 0.9114583333333334 0.3265625 0.17291666666666666
1 0.7805416176413977 0.7613868885212198 0.24236254942915886 0.31791834307146755
1 0.7427564802655175 0.41908383927904524 0.24236254942915866 0.31791834307146755
1 0.8351270054743886 0.5804952635206707 0.24236254942915858 0.31791834307146755
1 0.89140625 0.5052083333333334 0.2140625 0.3229166666666667
1 0.9109375 0.375 0.175 0.3125
1 0.874986707033813 0.27539075215658493 0.24893088441013056 0.3284804686125361
1 0.23093691258475113 0.5060599978335293 0.24893088441013073 0.328480468612536
1 0.5005676857792747 0.1323973138482775 0.23238537155854933 0.24690318614513193
1 0.6212011793534841 0.09460876189911285 0.22990235870696818 0.16565318614513194
1 0.5740940049800969 0.5712973555143949 0.21133804250907637 0.273477413418059
1 0.20031294817374543 0.7301872445871183 0.2354758794672148 0.2969395508637324
1 0.3073535380604522 0.24760702597128706 0.25068438539871385 0.3347668333311365
1 0.5089624590109793 0.2793632256447786 0.26962538638729716 0.341453209954342
1 0.4482199130790428 0.5142396937189921 0.269625386387297 0.341453209954342
1 0.33984375 0.8354166666666667 0.2890625 0.325
1 0.5587156971851622 0.7322829475059224 0.25211955140632514 0.3306365313830703
0 0.6829265410262018 0.27508455843539587 0.08443334980971962 0.1060576320338902
0 0.37453176779449715 0.12113662066760765 0.08443334980971962 0.10605763203389025