1 0.6365601895969538 0.19209385533392342 0.14932835518980242 0.2156939998117675
1 0.7557278252337691 0.1180430586911187 0.13333065046753828 0.1290639296561429
1 0.7834715510332723 0.21183318146346186 0.1180783551898024 0.21326719283385157
1 0.4969846051898026 0.24269222744108276 0.18069652985783763 0.24520414012301686
1 0.7466124213483853 0.35579601308996267 0.15717721662612086 0.22463403488957995
1 0.61875 0.9541666666666667 0.16875 0.0875
1 0.5420168667008758 0.7189457537023839 0.2011544756031114 0.28011489799199557
1 0.42265625 0.903125 0.1921875 0.18958333333333333
1 0.3375 0.9447916666666667 0.171875 0.10625
1 0.825 0.865625 0.190625 0.26458333333333334
1 0.14585792154477709 0.1362846524473093 0.16772383118569745 0.1359000839985171
1 0.5565681625677866 0.11611383087357102 0.1818863251355733 0.159908813805246
1 0.3566727016972022 0.1245405995482421 0.17262949980360834 0.18626410504520455
1 0.359802246876742 0.12582494691270038 0.17264768052176746 0.19043077171187123
0 0.2692247821955286 0.8456278593122858 0.08640110831306051 0.11292371918926894
2 0.2987703398681003 0.45742966629020176 0.3868112162333376 0.5881830591616998