1 0.2585407173767552 0.20214101861872946 0.20333454152049332 0.2655302222575741
1 0.1444079387078432 0.3850758221939407 0.20333454152049332 0.26553022225757417
1 0.3157630379860901 0.8082569590494574 0.2033345415204934 0.26553022225757417
1 0.13680239125585078 0.6850515804158801 0.20333454152049332 0.26553022225757417
1 0.8640214658566994 0.7289511242839468 0.20572471247102025 0.292637797368968
1 0.9253687786317311 0.33131250827503805 0.13391337946721507 0.2936060089115141
1 0.6742493586326062 0.8828654416507937 0.20636669961943924 0.2114362809250892
1 0.7872122736516342 0.8915245794080673 0.24166752965749527 0.19116050848714963
1 0.3468843398867068 0.4798046950456394 0.19501270555093822 0.2487423467006045
1 0.4301345330803553 0.3108842728092764 0.19501270555093822 0.2487423467006045
1 0.795423952053716 0.2906404842987946 0.20971187551288217 0.26979385603648315
1 0.4267071496588078 0.6274539723637008 0.1737107085166878 0.2671529618077562
2 0.5235423403809983 0.4739403741247924 0.2399087114824372 0.28692111648630103