2 0.255636760741542 0.7489565145240074 0.24182606269890758 0.3296547338903224
0 0.8150026700747693 0.7783052273741301 0.07899770401018139 0.1042444664129595
0 0.8051693053389541 0.0989263373868155 0.07899770401018139 0.10424446641295942
0 0.07206119207508746 0.7410653517868859 0.07585452267663592 0.10199135442310782
1 0.796287938056952 0.602371444763279 0.2273999360279987 0.2872240632693232
1 0.5358215107017712 0.37373892760304994 0.2273999360279987 0.2872240632693232
1 0.4231386026814084 0.1677117852966476 0.2273999360279987 0.28722406326932315
1 0.10577202605822458 0.5773503616727176 0.20398061736154416 0.2880340566787686
1 0.0882748960454979 0.45145902372599617 0.17116811736154416 0.2862513807853257
1 0.10501585868872625 0.22226936233177313 0.16869655068427192 0.18199982479039983
1 0.45921629408017817 0.8120754605310352 0.2325601507001803 0.34164539792076737
1 0.4650743007240428 0.5885415738389976 0.1881010786919079 0.2580184967295101
1 0.5802698500159084 0.18770149612002943 0.1867022106938169 0.276683607401251
1 0.5540822567234065 0.5871302655497714 0.1881010786919079 0.2580184967295101