2 0.49359754466833394 0.2467244014758798 0.5253049106633322 0.4580735519357068
1 0.72890625 0.8479166666666667 0.2140625 0.3
1 0.4943199024423336 0.7412888436588209 0.18120571337743777 0.24929175033868442
1 0.508218147498655 0.595892241819513 0.18120571337743777 0.24929175033868436
1 0.6521206028303211 0.39371445273421807 0.28004740496334896 0.29356108849607715
1 0.679044099728228 0.5681006588248638 0.19381497402109957 0.25224854666006824
1 0.771515459014837 0.4794232330745519 0.1923617346647614 0.25422269711989526
1 0.390625 0.8958333333333334 0.225 0.20416666666666666
1 0.23125 0.9125 0.203125 0.17083333333333334
1 0.32572771161272696 0.4723190388953327 0.19767194753799586 0.2961077295335746
1 0.3445273520740165 0.6670472553885333 0.25999698491686285 0.35650667872681535
1 0.2569441326676194 0.1392306475191509 0.21364687278026223 0.1851362897626633
1 0.1172424943000168 0.15665129654717352 0.16258711733238065 0.13175162068396692
1 0.15993383078669302 0.6583303429814523 0.1506112772394082 0.25960809286855757
1 0.18441965060074814 0.4007612897626633 0.24080994234221587 0.346863150911406
0 0.8111249901895174 0.7707446336472737 0.07243201089576345 0.10469486356077246
1 0.46640625 0.9229166666666667 0.1765625 0.15
1 0.7387568613802958 0.17708023066252218 0.17975247402109956 0.25126590079851124