1 0.33942748562531033 0.6984630837000422 0.27496727546389116 0.3450869605062477
1 0.7240573192646715 0.8252563011387657 0.23013326546195145 0.274129837971509
1 0.689859596516239 0.07589297110070968 0.22971919303247787 0.0893073966026565
1 0.7579548607702423 0.48864409429450395 0.24103881455356574 0.29963917394106404
1 0.338200341225405 0.4876414203286527 0.24103881455356593 0.29963917394106404
1 0.846731091974311 0.2089999019494622 0.2453117263722767 0.3185589525975823
1 0.5006528016766882 0.38122691244477463 0.24103881455356593 0.29963917394106404
1 0.10698216319583667 0.5010345770847002 0.17085386031120037 0.29790248750273385
1 0.17023210697722052 0.27502826550019677 0.20178512485506794 0.24352005272443597
1 0.93828125 0.4895833333333333 0.1203125 0.2708333333333333
2 0.5815195197140153 0.633750597564994 0.3035385566776581 0.40477852309172807
0 0.97890625 0.61875 0.0390625 0.08333333333333333
0 0.98671875 0.7302083333333333 0.0234375 0.10625