1 0.2572349906612139 0.8510416666666667 0.17035123051823947 0.24166666666666667
1 0.2189796452908918 0.25625 0.1844137305182394 0.24166666666666667
1 0.26143374675029385 0.575 0.20135576866768634 0.22291666666666668
1 0.630162201700988 0.6927083333333334 0.1592228157455871 0.22708333333333333
1 0.7251628303527884 0.8479166666666667 0.17164099512873604 0.22083333333333333
1 0.668990696829724 0.9135416666666667 0.17564665665497756 0.16875
1 0.4554120231319133 0.234375 0.18904668344033873 0.2375
1 0.2971900146072013 0.6208333333333333 0.157496674511885 0.21458333333333332
1 0.07807795576147311 0.2947916666666667 0.13435918344033876 0.2375
1 0.09611311525911972 0.12083333333333333 0.14809440097293466 0.2125
2 0.7126069143656153 0.246875 0.43606950811437956 0.4875
0 0.03844803449270368 0.7885416666666667 0.057422762174864625 0.08958333333333333
0 0.9184377232113434 0.5729166666666666 0.06496252678536152 0.06875