1 0.62734375 0.9110782149213248 0.1703125 0.1316074501624963
1 0.59765625 0.32160497228909934 0.196875 0.2888879699126105
1 0.3984375 0.107601023401303 0.184375 0.215202046802606
1 0.5625 0.05558144022204247 0.196875 0.11116288044408494
1 0.284375 0.342092376792896 0.2140625 0.3041381101430764
1 0.3828125 0.8768150585032575 0.1875 0.219774257059629
1 0.8421875 0.5412847953738332 0.184375 0.25923635277530177
1 0.6859375 0.11818508102446167 0.1859375 0.23637016204892333
1 0.25859375 0.6951759204719283 0.1859375 0.25929697158413206
1 0.55390625 0.33371896560301273 0.196875 0.2888879699126104
1 0.6390625 0.8835402405217645 0.1796875 0.1778044963488109
2 0.55 0.6203288459584217 0.446875 0.6652536459921156
0 0.80234375 0.7136639083323376 0.090625 0.12434922424548726