1 0.5487893468061029 0.43704597432629827 0.19862817394668236 0.2611696213664227
1 0.4651470257537552 0.14276192541902635 0.22595594849248962 0.27408173159345284
1 0.2468597981735305 0.2978589813812705 0.17822007909743345 0.2337953866963623
1 0.774810099681041 0.5771405743687205 0.18823280788560623 0.24435750403139261
1 0.6837224561992195 0.46833379657326685 0.20306058243141328 0.2570756800339378
1 0.7214450810542875 0.23536408991084237 0.20306058243141328 0.2570756800339378
1 0.57734375 0.8520833333333333 0.2359375 0.2916666666666667
1 0.06497206938535785 0.7378522355718174 0.1299441387707157 0.2586499360279987
1 0.4390625 0.8697916666666666 0.23125 0.25625
1 0.06509909939117683 0.33651966756842366 0.13019819878235367 0.28137266847018066
2 0.2662163496810409 0.5692498756099975 0.3585767430421761 0.4259968320602397
0 0.7952497586248137 0.42210193348181135 0.07085437606301603 0.08643482134521155
0 0.18188824453998823 0.19675598047951354 0.07499974212409226 0.10314997156799942
0 0.017514803404021326 0.3891113484510906 0.03502960680804265 0.05896361956290879
0 0.5464611854464342 0.2962512818798741 0.07410692182065048 0.0885666382346661