1 0.5073477532793603 0.15886934091378418 0.22306344301173803 0.2736956017296616
1 0.67223909090946 0.19353816504950258 0.22306344301173803 0.2736956017296617
1 0.8514861776350484 0.2601350086658831 0.22306344301173803 0.2736956017296617
1 0.8839291061746077 0.5070698279303375 0.19953741180407353 0.31061376623205444
1 0.7032025701057034 0.9348464567167184 0.22235303482570928 0.09675772727073025
1 0.548475205790495 0.7011647521697661 0.2433692989592032 0.3137153116862005
1 0.5697626283371608 0.8744685205682913 0.22734815128862387 0.22384106060406359
1 0.15017706241532894 0.07412724675358913 0.16214587516934215 0.14825449350717826
1 0.07535412483065787 0.4314423679661098 0.15070824966131574 0.2704485974011137
1 0.6549099915207154 0.5748427121274032 0.2010246687014785 0.26901982900258853
1 0.7250233384230691 0.8562850800935131 0.24099457146044045 0.2532986450195338
2 0.3667416061746079 0.5191065497870876 0.4991699988683463 0.5465442705584053