1 0.4839594856589141 0.3150068890412194 0.20732804595791846 0.263647859188292
1 0.1442263571889989 0.3688533144886744 0.20732804595791854 0.263647859188292
1 0.6918697200812105 0.14438893110301768 0.1999556369509051 0.28877786220603535
1 0.8846487029623473 0.15931321348086958 0.1984932665005541 0.3066335790737476
1 0.7994261944813574 0.42584855043224756 0.1999556369509051 0.3046594286139206
1 0.79990135410668 0.7237696464672706 0.19995563695090493 0.3046594286139206
1 0.7307112631136935 0.7701311766947098 0.20141800740125576 0.30268527815409363
1 0.3882383706072342 0.4597719794977472 0.18525278685861987 0.25795263229253657
1 0.6466213695275 0.4136863968059549 0.18525278685861987 0.25795263229253657
1 0.06805029071613122 0.31054799638195535 0.13610058143226245 0.25807067390275595
1 0.55731304981543 0.07561678426123529 0.21349890036914018 0.15123356852247058
1 0.3107687168420079 0.08692828509003224 0.21934838217054295 0.17385657018006448
1 0.3120763888058315 0.4567886069662243 0.166202398209672 0.25039243781046056
1 0.2614663170911765 0.5215770179415009 0.16620239820967198 0.25039243781046067
1 0.20666939312476815 0.5762763108706298 0.16620239820967192 0.2503924378104605
1 0.09282813618493782 0.6444449615562463 0.16620239820967192 0.25039243781046044
0 0.2564433598098925 0.1886759867338364 0.0679675524363235 0.08572649781375977
0 0.03220317011350964 0.9384546306349427 0.06440634022701928 0.08572649781375977
0 0.2062304996954582 0.6988108374800244 0.0679675524363235 0.08572649781375977
2 0.5146950393318553 0.7447371875488435 0.3878141872277602 0.4548246419406557
1 0.2890139188815046 0.7584307794371757 0.169667359653009 0.29008495401730033
1 0.14471411782945703 0.16430007839637908 0.1966117890180882 0.20268527815409362