2 0.26436767890365387 0.31875 0.46802092380952487 0.5375
1 0.698805630786267 0.5125 0.24360550740125558 0.28958333333333336
1 0.7897555960871154 0.8145833333333333 0.24360550740125575 0.28958333333333336
1 0.6896180027777772 0.31354166666666666 0.21564119370616516 0.2604166666666667
1 0.8195267458379469 0.37395833333333334 0.21564119370616516 0.2604166666666667
1 0.8779726966408259 0.5395833333333333 0.20167882325581452 0.2625
1 0.9124454310631223 0.375 0.1485538232558145 0.2625
1 0.520234838067551 0.846875 0.21564119370616516 0.2604166666666667
1 0.4658174483388688 0.825 0.21564119370616516 0.2604166666666667
1 0.3812421892395702 0.8291666666666667 0.21564119370616516 0.2604166666666667
1 0.3130929665374661 0.8166666666666667 0.21564119370616516 0.2604166666666667
1 0.13977538248431 0.7979166666666667 0.21756463911037324 0.23541666666666666
1 0.09236917026578055 0.35 0.1847383405315611 0.325
1 0.5794185872923586 0.103125 0.2005378254152827 0.20625
1 0.45249514188815043 0.078125 0.19813471622369913 0.15625
1 0.03566168800295251 0.7364583333333333 0.07132337600590502 0.21458333333333332
1 0.3443195874492421 0.5895833333333333 0.22205188001107468 0.23125
1 0.867541546114802 0.23645833333333333 0.2521794710040613 0.27291666666666664
1 0.21873979411221725 0.6666666666666666 0.19114184145441176 0.2708333333333333
1 0.6360915731081562 0.9395833333333333 0.23373225478036197 0.11666666666666667