1 0.6152354377944447 0.13950952272158088 0.21640412441111073 0.25465468398085805
1 0.5065145486804168 0.11507081006024891 0.20884590263916641 0.21079558982505667
1 0.7783527180487505 0.3842982830013328 0.1751735316684254 0.2682561699119791
1 0.704143529971482 0.35857626081587746 0.1768727327051849 0.27037586796391294
1 0.16088083699324107 0.23117436417588433 0.20628683063166625 0.2669001309506548
1 0.52265625 0.940625 0.1796875 0.11458333333333333
1 0.6910606037224084 0.7129792981534471 0.21831793892574022 0.2838213506475247
1 0.33542079868041685 0.11108887337349929 0.2056429901980553 0.1857592251064562
1 0.7938548301125012 0.8635142245593463 0.22478396946287021 0.1446016645001959
2 0.3020466218656954 0.6674116028107002 0.42358907370444365 0.5590184502129124
0 0.6056582203578248 0.47625877380371784 0.08326085080120364 0.10386520454475559
0 0.4961451022618061 0.30887535713814956 0.08326085080120364 0.10386520454475555