1 0.5594318530261241 0.498713199456456 0.17287459983059072 0.25265080925442723
1 0.483099053252003 0.8212071004517486 0.19832962613895008 0.2653983696525444
1 0.2622320873822829 0.7297579844639095 0.15450403142885677 0.22396498648072197
1 0.7801678292074264 0.2903589360724613 0.16580555247554402 0.23331808582156463
1 0.6924942529837719 0.4271738477954494 0.17885158404557516 0.2469835326872899
1 0.735836187354048 0.6461790319494508 0.17885158404557533 0.2469835326872899
1 0.5770336658838376 0.10971113364324143 0.20843266823232476 0.21942226728648287
1 0.06036944613845071 0.3553397372882762 0.12073889227690142 0.25390385875678095
1 0.4372809211455094 0.11396491764228874 0.2004381577089811 0.22792983528457747
1 0.06571819233337117 0.7602786095643352 0.13143638466674235 0.2711094475379961
2 0.2742447819229669 0.4547579844639094 0.3210684471009328 0.40340776735205114
0 0.8048199477362175 0.4384869855748151 0.06274219468185853 0.08261920594552781
0 0.20019554799033115 0.849658669122114 0.06347023677523322 0.09928587261219472
0 0.026506689984883917 0.7112764749126878 0.03830363680346808 0.057517326405626554
0 0.5602747452324384 0.6397243022611522 0.06595819994353036 0.08499390099529242