2 0.6321892550849038 0.7724606193442852 0.3409205983942421 0.3640860365252119
1 0.6767951465116289 0.4591700613893587 0.19190330505721712 0.2723212060916636
1 0.6995761027131787 0.1491312879441419 0.22754041640826922 0.26970211397666305
1 0.38078533235511314 0.2294893272354771 0.24991606415651582 0.2823288984863729
1 0.37615930058139696 0.8192628373333751 0.1630773982096719 0.25489629267441766
1 0.7920777899409389 0.5710361388408098 0.163077398209672 0.2548962926744177
1 0.8322755860557409 0.32936824202030335 0.15047726866002265 0.2515500348593455
1 0.32653102405869344 0.08550867966434969 0.20306204811738687 0.17101735932869938
1 0.5674168399132522 0.04587503429373583 0.1879586798265045 0.09175006858747166
1 0.25125253084164023 0.6214909560093514 0.1870155459579185 0.26768094274434495
1 0.28743795958841056 0.7863577092587722 0.1870155459579185 0.26768094274434495
1 0.8362459855020304 0.08416067163330349 0.13551360271317883 0.16832134326660697
1 0.8360817065060916 0.3268902447864266 0.13697597316352947 0.22945377704427325