1 0.2752067313323136 0.2510167363853577 0.2111125982129911 0.2730794528422429
1 0.1628083226487412 0.5306700799502508 0.22251374837514692 0.30960117843043117
1 0.2150412041432106 0.7236953745578586 0.1894012394466932 0.28336933499919986
1 0.4276168908299603 0.44060376018021025 0.22284103084255097 0.3346011784304312
1 0.5929982033291363 0.2966840445562582 0.2049989659077429 0.28286465726804016
1 0.4444300641240293 0.1721539507753911 0.24551487175194145 0.27863582850035834
1 0.6801357390429514 0.2136999837015466 0.21563645697928918 0.261053049522895
1 0.33826446997152315 0.8122873532618058 0.19526940990138844 0.2548341305734027
1 0.31769464570122424 0.6506233026386539 0.19526940990138844 0.25483413057340265
2 0.6607628072274656 0.7374370592198077 0.33675925486796865 0.45430083209941474
0 0.7987225032497062 0.6564586290721605 0.08590231818121907 0.12519140691840439