1 0.6482439999967047 0.6019317311868685 0.17695578652459396 0.2795206418516668
1 0.8142508295420094 0.6208129200492407 0.1893739659077429 0.2740469043274627
1 0.4582893814911741 0.4260756683238057 0.1992944366867496 0.31629576785097624
1 0.12468022037196971 0.26643829059906143 0.18427736282348772 0.2425058058990393
1 0.5289775771063775 0.7490351072544738 0.16544554220663663 0.23509141218534543
1 0.7602469423654973 0.8556046175950591 0.15678756249917622 0.1700229148046399
1 0.18554340259449248 0.5556049263865764 0.1654455422066367 0.2350914121853455
1 0.1432543112780649 0.8490923942660733 0.20022964529089182 0.26847613399378406
1 0.92890625 0.43645833333333334 0.1390625 0.2520833333333333
1 0.274380211443516 0.234206474222845 0.14650462743398435 0.2193436851383185
1 0.33978266355154113 0.6909358941294815 0.16544554220663663 0.23509141218534566
2 0.6069921140413037 0.16236004053076547 0.33273422808260733 0.32472008106153094