1 0.3125 0.8791666666666667 0.19375 0.2375
1 0.41875 0.915625 0.190625 0.16458333333333333
1 0.167086722706807 0.6018567029858776 0.1495035020669146 0.26727794390607496
1 0.23846941708245448 0.6450891962262385 0.15113877667402048 0.26950695809762387
1 0.76953125 0.8833333333333333 0.1828125 0.22916666666666666
1 0.4590453602152477 0.09714251984028245 0.17253427956950454 0.12406686602062317
1 0.2734609629868973 0.2940765686703654 0.1950343258882322 0.27775268879432863
1 0.58984375 0.9447916666666667 0.1953125 0.10625
1 0.183152794251813 0.11949219589010313 0.2226798287837163 0.13289532015019054
2 0.6551240318458161 0.4299869002205223 0.3758606025622527 0.5500275831980498
0 0.3437070347413003 0.5493501186769223 0.07522263192686944 0.10253465281125311
0 0.4419903693159849 0.7424440695107039 0.07522263192686936 0.10253465281125311