1 0.6329118628531843 0.5704105198460255 0.22223388797200821 0.2924553913302129
1 0.5504051709417727 0.7122116100870475 0.18345480788809568 0.2405029367802515
1 0.1498705294452795 0.8377793886939912 0.22159342531467216 0.19896005931499042
1 0.518311369501169 0.07726892430777274 0.1790022609976621 0.1073393821034366
1 0.36879997343128357 0.7086144480089817 0.22727658548249732 0.29896005931499064
1 0.42582141326810286 0.5602043505183497 0.20843149710021489 0.26885961003747266
1 0.4713958676270692 0.44774325039149615 0.20218149710021488 0.26852005272443596
1 0.65 0.8729166666666667 0.203125 0.25
1 0.504498829860198 0.8580909328754935 0.20218149710021507 0.26852005272443596
1 0.47931880186481096 0.1566513590860706 0.21780649710021502 0.26936894600702793
1 0.6678126168018765 0.20450785713369163 0.2330529888018452 0.2909662832946939
1 0.781684017421932 0.33817011340711206 0.24096057718412744 0.32047250727439736
2 0.2848798724009539 0.32371775168481964 0.4212437634964618 0.6148025534082788