1 0.6408873558359236 0.8804226903740893 0.17077060266810484 0.22303606295182968
1 0.66171875 0.9885416666666667 0.1640625 0.01875
1 0.5609375 0.9739583333333334 0.165625 0.04791666666666667
1 0.6727216112629906 0.6885534657819742 0.1959277329258297 0.26860616818526684
1 0.48359375 0.9010416666666666 0.1796875 0.19375
1 0.10706006897404963 0.4262525542294348 0.18967773292582976 0.26812080678968353
1 0.3466238579836302 0.4918746381338357 0.2220741530976463 0.2997142804342662
1 0.26043845375433017 0.2323288733434107 0.20743844301173803 0.2840388839608706
1 0.24915347297620705 0.12069880318778606 0.1954430540475859 0.21664417520082915
1 0.11800977781676247 0.745780992796205 0.21673155585660822 0.2826835927209122
1 0.9201542904799187 0.35461051460856274 0.14510221732199752 0.28335193667170533
1 0.7636597925160835 0.8471182340801804 0.2072746687014785 0.27987221729420403
1 0.8285831869073025 0.5909484796248666 0.17685018430531088 0.2588167506651838
1 0.8245950497521728 0.5927284620859604 0.17685018430531088 0.2588167506651838
0 0.39170614314802354 0.10251343809618918 0.09068695499752559 0.12750705252260228
2 0.6268170482818347 0.34123419919060044 0.46380570895425455 0.584339318737511