2 0.46739825409153324 0.5773049686191266 0.23927086424263583 0.3116319783528671
1 0.31145333285480653 0.3904255346349733 0.166230179126093 0.20582889934918
1 0.20132184238863537 0.8094013609327687 0.19635418874473984 0.2231864956692552
1 0.05304809972984752 0.4153393544377501 0.10609619945969503 0.22765462445783308
1 0.1310416357573642 0.3030135400445596 0.196299625042409 0.22110316233592198
1 0.16245038158101294 0.14716882413571838 0.196299625042409 0.22110316233592192
1 0.5662127878416152 0.0909293685088259 0.12069942431676957 0.1818587370176518
1 0.5487028509109739 0.2454056758708722 0.2054018065307547 0.210904683980858
1 0.43719243203649993 0.26986257089150434 0.21274308057737185 0.2527168095219265
1 0.41721717170006284 0.8834951493546722 0.19920637023308566 0.21284255843978955
1 0.6139880226958547 0.7040222889668165 0.15194942431676955 0.19716828354844249
1 0.6719691922033009 0.5173692218677343 0.15194942431676955 0.1971682835484427
1 0.7637102257837469 0.890005515158705 0.1603968413771451 0.1619698051933786
1 0.7574553467346227 0.09543386201600414 0.20383930653075472 0.19086772403200827
0 0.5864408868536726 0.8316692754384569 0.07093254809323427 0.08493338095175318
0 0.3841814716073956 0.7437247202417828 0.07093254809323427 0.08493338095175318
1 0.9028421915703287 0.6754379983850327 0.1499156983633867 0.23876222077790837
1 0.9389434157944312 0.3404266158095249 0.10589287985173215 0.227327341990429
1 0.880471206083117 0.2179046888609094 0.15750994355406328 0.23061071103757733