2 0.2201649556993123 0.6325522917927903 0.2984654050075581 0.3824979313153695
0 0.7242678977503347 0.5992993193429335 0.10124325256024883 0.10827737610434388
1 0.4135109502258789 0.3531805757721191 0.2378317418957307 0.3129748735326697
1 0.32510787386104995 0.27662047089947206 0.17278359456891898 0.2493012975513725
1 0.6024446476091605 0.3902348961486425 0.1958570735222315 0.24297055521102565
1 0.7099610159967771 0.35237155561708133 0.23132413666229362 0.2709076886674057
1 0.4306999082736785 0.5700335122308371 0.2405017155873715 0.30282521899840115
1 0.4246557636482898 0.7263502652639366 0.2405017155873715 0.30282521899840115
1 0.33984375 0.8572916666666667 0.2421875 0.28125
1 0.53515625 0.8760416666666667 0.2421875 0.24375
1 0.7353510689664313 0.830268317903288 0.2405017155873715 0.30282521899840115
1 0.8223692817112054 0.25637514085148555 0.22452810509226281 0.2578736644026093
1 0.8236657421780794 0.1728415484188536 0.23079351564384112 0.2231245280669381
1 0.6484760263789464 0.14428044930478875 0.2092979472421071 0.19430561587301654
1 0.14185575810426929 0.3069671005537104 0.2623613050357929 0.33997746452565614
1 0.08944266062216574 0.4258522033714781 0.17888532124433149 0.31420440674295624
1 0.0692064843561588 0.5639669699766213 0.1384129687123176 0.31126727328657616
1 0.07401581072098777 0.700117920007383 0.14803162144197554 0.3083021612157012
1 0.07790737919330898 0.8217786716008372 0.15581475838661796 0.25905043388704363
1 0.09140625 0.8916666666666667 0.1671875 0.2125
1 0.14921875 0.9302083333333333 0.1765625 0.13541666666666666
1 0.3030347237622279 0.1356756950412217 0.16767188936371688 0.16791779148517344
1 0.4082227527014231 0.1331622681432277 0.1773044945971538 0.21025198848283558