1 0.08501028337387899 0.5810409655143367 0.17002056674775798 0.3254180689713266
1 0.06577447004396657 0.4130487006247147 0.13154894008793314 0.2572359320839039
1 0.1596966659856322 0.27813126269048516 0.2388817345801019 0.3258807256088634
1 0.686208127249 0.6274337719725301 0.2121828791939077 0.2936002058587493
1 0.3263013412428424 0.7632510980034856 0.19026242739850954 0.2823348758684593
1 0.2662996273471959 0.7301682554767833 0.2121828791939076 0.2936002058587493
1 0.8671273709042883 0.33817094229038575 0.2451953670936593 0.3407065341775176
1 0.34985000907518626 0.02964673291124116 0.21279998184962742 0.05929346582248232
1 0.6553116094914109 0.9056688626736381 0.21308178298109545 0.14157749133424602
1 0.5891053473911625 0.86241182871559 0.1869192587805987 0.23221363825079872
1 0.34918082592114014 0.532194101346529 0.20588742739850954 0.2829410639567616
2 0.6045637383907309 0.3629382355071996 0.4164987162333375 0.5743973176733473
0 0.24868696399384235 0.11220629999157647 0.07233860831306052 0.1090384652061911