1 0.7581034826316044 0.3239893085243458 0.19528688296032684 0.23456060380360383
1 0.5935508310600278 0.3258929365905698 0.18093328453190338 0.22535397518500028
1 0.6276281546764577 0.8455590041398414 0.18093328453190338 0.2253539751850004
1 0.1831699108772015 0.12143548028699695 0.22116017824559703 0.2428709605739939
1 0.5548629743594369 0.11567910614971443 0.2590240512811263 0.23135821229942885
1 0.33573186890170004 0.475987251725435 0.19833910835322088 0.23267133608921947
1 0.36700748594137333 0.6964780981552396 0.1457577638537389 0.20030258670989506
1 0.5150768048002922 0.7870659156362154 0.17529971463952715 0.19797954342324336
1 0.8257403229972573 0.7979162034793907 0.21549237510244373 0.2773916641839643
1 0.46181283354122726 0.28106424180063755 0.19764990363849116 0.257574303279745
1 0.7580757115391552 0.14625243976224372 0.1870035020669146 0.265228406946757
2 0.5017506670824545 0.5883273421593836 0.24263707195929068 0.295707888611697