1 0.33690487882649756 0.3150550133628657 0.2114213052100677 0.2548557886058823
1 0.20840738957986452 0.49422487353266964 0.23050094499482005 0.310491022000739
1 0.3242420971900783 0.6775550133628658 0.20931514970954979 0.28375544314015094
1 0.4445032473139129 0.6220097213608973 0.19728603060296196 0.2515709006767571
1 0.29296875 0.8802083333333334 0.1984375 0.23541666666666666
1 0.4191266815553659 0.13715505757352184 0.2117466368892682 0.21957262800541474
1 0.6299186323411542 0.1593450431770663 0.20059081306795062 0.2123880855420211
1 0.1306846881749037 0.8125091990525415 0.21549237510244387 0.28220613407161393
1 0.12753849503760128 0.11746450956072398 0.18554800992479742 0.2277196915466968
1 0.5855541246926683 0.8461511309831448 0.1856593258882322 0.2755028521471644
1 0.76953125 0.8760416666666667 0.1859375 0.24375
1 0.8578679263880794 0.8119560137689216 0.18565932588823236 0.2755028521471644
2 0.7812477301504052 0.49302134072843884 0.4212801104201354 0.5095780711455656