1 0.6362879284886103 0.15770209448309042 0.1727673045516262 0.22493311850068462
1 0.2198494697043169 0.26832742121901315 0.1881052621279716 0.2463120211134901
1 0.21913147683131867 0.47302049467728946 0.150477716370337 0.24277383636823088
1 0.23759378971789458 0.7491227801527863 0.1399228536432407 0.24859950470641934
1 0.4365432778797871 0.052268695521473806 0.14027405575957416 0.07610716970156434
1 0.7152087356253103 0.7084183732725007 0.1739471672787225 0.21874373730951505
1 0.7325880700135776 0.5085284639736086 0.1739471672787225 0.2187437373095148
1 0.7974170050009699 0.06522997369459292 0.14170901000193972 0.07408445517706125
1 0.49032120849442934 0.3577992853868209 0.22034367728066226 0.2891304451479314
1 0.8484997256233708 0.645002828449562 0.1489471672787226 0.2177738363682309
1 0.8612066329001535 0.7889043754716376 0.1489471672787225 0.2177738363682309
1 0.6030909860843523 0.8630651061837419 0.15038212152108804 0.21575112184372786
1 0.25078125 0.9364583333333333 0.1234375 0.12291666666666666
2 0.41799915365293894 0.6023212987589941 0.3052283445593849 0.5044189103541225
0 0.1749518157615139 0.14603923647375405 0.06709164727484325 0.07742475235320967