1 0.37872569752445584 0.2398449980724084 0.22105449459715382 0.20737828197658292
1 0.41468777139962326 0.510142455917647 0.22525614718563744 0.26787983797150877
1 0.17448072937683562 0.612991612014639 0.1566279735504664 0.19556448618462294
1 0.2341951765483556 0.33953906985987764 0.17405766823232485 0.273411823472289
1 0.07999977118786174 0.49854624704664413 0.15999954237572347 0.23875916075995499
1 0.09859748823182551 0.3215248083140136 0.19719497646365103 0.22727783269906526
1 0.5430248740022243 0.4763934915066413 0.20477704721387227 0.22727783269906526
1 0.6678428634788806 0.487351304434043 0.22122109456891897 0.24687672598165722
1 0.3823350868881727 0.08550855274922335 0.2072048262236546 0.14011739001210202
0 0.7565545659120725 0.21338588151874324 0.06439569994353037 0.08247735046877504
0 0.6725960658414852 0.10963130113876576 0.08957771046687384 0.08800224638758873
0 0.8921056580619169 0.28339858706968146 0.09626732622365494 0.13409024770569963
0 0.7977024816547358 0.1498406700610934 0.09379477360693614 0.11317202504410707
0 0.6091078164061827 0.8997275152326374 0.08985072625188942 0.09425224638758892
0 0.07656760316729841 0.7569839196448098 0.05603716837349917 0.06955290382747895
2 0.14105066325300167 0.14131293018969707 0.24602367349399668 0.27940006590554495