1 0.5628478953011767 0.605728396503507 0.22483741529826115 0.33297250727439737
1 0.3978127268796577 0.8375584426373887 0.19330561416679296 0.26669138737588016
1 0.5443922902095701 0.8972871791143581 0.1818681444174139 0.1515138287447326
1 0.4121489794137404 0.41604599467798165 0.17293857201231527 0.25308782610851066
1 0.3081609161820239 0.4404411350072177 0.21682492739850953 0.28671472729976794
1 0.21911205172064335 0.4421548267179915 0.21682492739850953 0.28671472729976794
1 0.5154199460398614 0.19798574367700483 0.18250446955298721 0.2973471620780659
1 0.2896937590751863 0.028432747021856792 0.14248748184962742 0.056865494043713584
1 0.3994545784552229 0.11740240512080262 0.24171584308955413 0.23480481024160524
1 0.25519551834676435 0.22774481683215975 0.20902151775758915 0.28837361399180544
1 0.8835614128623742 0.13841097353863255 0.16943177693097128 0.16541804745199234
1 0.21200301278761943 0.6393693840310282 0.2058601563212707 0.27987050200195374
1 0.7789319584346975 0.4888053358704057 0.2058601563212708 0.27987050200195374
1 0.2735439799047198 0.8557654775673273 0.1835669998036083 0.18284871807299177
0 0.7289950700674076 0.6560626830439034 0.08954428903121965 0.11525535837744058
2 0.7019341629605701 0.24544342519720647 0.3443419151018693 0.49088685039441293