2 0.4297904764868742 0.5639387822185792 0.25302604781181837 0.36476182255765366
1 0.554553606269957 0.811944693497406 0.16820562021691715 0.25283601457765387
1 0.23359375 0.8552083333333333 0.1859375 0.28541666666666665
1 0.609375 0.959375 0.175 0.07708333333333334
1 0.72578125 0.95625 0.1796875 0.08333333333333333
1 0.8074069372592628 0.5454565160550596 0.15855790944452863 0.18924240628357983
1 0.6839648920797229 0.5320990068497513 0.17468287919390768 0.30564842010703663
1 0.6552081121236896 0.6736098486341959 0.20754992134838535 0.3219760491362957
1 0.19452968735745862 0.560465774175555 0.18089651775758914 0.2980441589697527
1 0.34946769311299525 0.3419608436699374 0.16031130698520063 0.23317467433259226
1 0.4934404069104458 0.3076878375124062 0.16031130698520074 0.23317467433259223
1 0.2253676386618774 0.12112939974895003 0.13676472267624523 0.20544065359740707
1 0.8280381207078964 0.2956515333343806 0.1840487888348279 0.3046586950677773
0 0.25172962988127867 0.34931909060666605 0.07074883723582168 0.10820206220555544
0 0.2981632265850701 0.6350865994348758 0.07074883723582168 0.10820206220555544
1 0.39055682230690286 0.061192012253085425 0.17826135538619425 0.05202855758740694
1 0.7301369518935938 0.1612519795799364 0.1739011083130606 0.12648175344036988