1 0.6002631718880715 0.34376964130529947 0.25432613912390706 0.33558232037345376
1 0.5015135874950823 0.09298219933954928 0.23759782500983526 0.18596439867909856
1 0.43587860777399967 0.4640351381336255 0.29154191585911227 0.391883708848559
1 0.7688435631056658 0.23258804604855002 0.22870342625067258 0.29246016156467
1 0.652382318805649 0.11596446043740202 0.21398536238870208 0.23192892087480405
1 0.18573613216341628 0.30410091783972193 0.22201638367602555 0.2837386969934387
1 0.22070244996065905 0.8252196054607429 0.23942240496334904 0.28897272456432455
1 0.34466946370641394 0.6441293606310355 0.19337793144645268 0.24250580589903922
1 0.39641799798318766 0.7561641466804798 0.22332751139996637 0.3087386969934386
1 0.8925377892204522 0.20517930383813696 0.20131039976756887 0.33436653818465495
1 0.1904679187859785 0.5405335569355026 0.2695905062041863 0.3593722823253908
2 0.6006245327641644 0.6635356137344136 0.4809207621562711 0.6175287824619825