2 0.3859375 0.7614583333333333 0.515625 0.47291666666666665
1 0.3795295872559425 0.11315817695733019 0.205934174511885 0.21773476448121043
1 0.5539546631477993 0.31061643921066207 0.17503873051823948 0.2443332622533319
1 0.4946126651763942 0.431546009866299 0.17503873051823948 0.2443332622533319
1 0.30210361119863466 0.5233316960534521 0.27245920129724627 0.2875029191597553
1 0.3326660442352316 0.35196577339272456 0.18759327759614006 0.24869386314448327
1 0.22124730316368532 0.3731491529280588 0.18759327759614008 0.24869386314448327
1 0.7149273449665803 0.19647091746229708 0.21790806899199816 0.2970711235943012
1 0.8689114614435158 0.2644716117122352 0.20077511606989865 0.30097113070230136
1 0.6193922970746054 0.6553118685550252 0.19126374837514692 0.2904090133672711
1 0.66460756533855 0.46959290945254 0.2529649074657563 0.34968777604496765
1 0.57734375 0.9510416666666667 0.2109375 0.09375
1 0.8271132938281944 0.5918814792594477 0.1454875982129912 0.2542893351368472
1 0.7236861051095547 0.8058580383513274 0.23407853977100465 0.33898020804157386
0 0.2784483283274888 0.08867791560575528 0.07008640340856669 0.10314997156799942
1 0.6500875491064956 0.1361020045618128 0.169996674511885 0.2171772035858168
1 0.15552071184725777 0.6626953938043625 0.17350350405718978 0.2463923538086045