1 0.7467414082030913 0.37879205864856214 0.19795019454068416 0.28799276194725393
1 0.7389233899990014 0.6825765852579566 0.18482856826055957 0.23722848183270956
1 0.7426964632388842 0.08864132745468738 0.1690215577372161 0.17728265490937475
1 0.5529796427710116 0.8918438414009257 0.23689232622365458 0.14532573194560428
1 0.4161306321064936 0.708247848637015 0.20365416297065297 0.2759294934412793
1 0.7315897611586282 0.8326311766947098 0.18789338410204515 0.16474854666006825
1 0.5932725868881727 0.04689570782530693 0.1853298262236546 0.09379141565061386
1 0.31027620328023786 0.8849180363345808 0.19836044724210708 0.19040364390110628
1 0.2818969291791915 0.30430984547054934 0.20365416297065303 0.2759294934412793
1 0.2623300688958442 0.6452623940910683 0.20365416297065303 0.2759294934412793
1 0.1516325765060033 0.2552570563852546 0.17634821032569964 0.29271420171816526
1 0.19002461646265237 0.9275909347210622 0.12660727360693613 0.1168495974668275
2 0.5039091660955991 0.3926449954787973 0.40042128910960295 0.5368389220551999
0 0.5220250453594952 0.8337746065146452 0.08441977360693613 0.11390165988215652