1 0.7026701351189648 0.5263985164612045 0.18671650723608924 0.2638127170712039
1 0.431970374264831 0.13097038158384308 0.21081574852966192 0.24167189234972242
1 0.5811481806872661 0.13455952152750064 0.20917136137453235 0.23954006889481505
1 0.5500730003386842 0.3167048468822691 0.23580910447712727 0.28198257750666683
1 0.16580754296630945 0.386970963398565 0.23580910447712727 0.28198257750666683
1 0.27399293645301726 0.6181750861185188 0.1944471200809595 0.26197183434574095
1 0.7952205625268706 0.8164200027830564 0.2509361374938141 0.30950232193416694
1 0.695630082541717 0.08921370225143595 0.18188516508343397 0.14089605040453723
1 0.7113004274079058 0.30922357446518595 0.18564533016686777 0.2762642269496298
1 0.553125 0.921875 0.190625 0.15208333333333332
2 0.5059765988229177 0.6638690457173617 0.4763809520568495 0.6057288019231486