1 0.8035163000393408 0.8239934134268464 0.19700567599857094 0.18561376623205442
1 0.3369693943196873 0.2654073522756731 0.24338863912390715 0.3261062175303991
1 0.1589807881351715 0.3467271753259592 0.24349789976756891 0.3281895508637324
1 0.5333798545950319 0.3265413095285171 0.2054080378830699 0.25655619372118915
1 0.5667993699302707 0.09154756872503358 0.21797373986054147 0.18309513745006717
1 0.5884922335794804 0.8404700779270423 0.22110944753799586 0.28813347618859336
1 0.5920596299928548 0.893576895567742 0.20805243664223277 0.18795165259559093
1 0.7785441611675352 0.6013858468682837 0.22735944753799586 0.28827893506299496
1 0.4947983198140552 0.2471330000043937 0.18734645273377595 0.2394895151499174
2 0.35467996229215704 0.8417399366911433 0.270311772043628 0.30384411579854054
2 0.410340464385844 0.6203845871246573 0.5138096718111971 0.632033666662273