1 0.6662796344549808 0.4115377175881046 0.21541071032569956 0.30177252282825745
1 0.5653673947665631 0.09897186502557026 0.15989021046687385 0.09911988935506987
1 0.3993328710890397 0.09161311564252954 0.18258425782192056 0.12008000719811299
1 0.43125 0.8895833333333333 0.203125 0.21666666666666667
1 0.6719024899707664 0.7678355693177057 0.1752715577372161 0.23756708271637403
1 0.47578125 0.9447916666666667 0.1796875 0.10625
1 0.28984375 0.940625 0.1484375 0.11458333333333333
1 0.47245331072098773 0.32185499033404985 0.18675508930724707 0.25117214163789564
1 0.2462254687123176 0.43501261301006805 0.23240078925077734 0.3346011784304311
1 0.16120093742463518 0.8365577272540548 0.21102704721387228 0.23703132393470672
1 0.3747809211455094 0.1686485972462618 0.2081596524473092 0.27822439392072135
1 0.7428358872269911 0.617016390619951 0.18675508930724724 0.25117214163789564
2 0.42190176094686677 0.6348118163356085 0.3737831943995097 0.5085942832757913