1 0.3359674251452251 0.13149095820072826 0.2155651497095498 0.2629819164014565
1 0.27490341501553994 0.870260732389154 0.18609166542531547 0.18612113781030146
1 0.11645952233530346 0.7790197564184254 0.1788955955329393 0.15894083736472595
1 0.19198821526320892 0.7403682719605472 0.23845899420903177 0.29937263293017985
1 0.19822971484892415 0.5393387261829109 0.25056088792272546 0.33287565870993735
1 0.7106869811838623 0.28672908609170294 0.23718759263745515 0.30768172448545267
1 0.5654901052528489 0.15697433418206244 0.26589478949430206 0.3139486683641249
1 0.6237582919800106 0.8752593616592782 0.2422346575674325 0.2286362667090889
1 0.86300499834737 0.4415723331742497 0.18082627667402057 0.25891659558666524
1 0.71861498945603 0.5291828807554001 0.2686216832079957 0.35814231826860393
2 0.4332382615819365 0.5846244301400644 0.46717911538253426 0.5881831485253296
0 0.4848008773787555 0.20382217324424654 0.09462760339082213 0.11598935646084776