2 0.4981620245374021 0.6161108982190494 0.3831422071452323 0.5221993421973129
1 0.31956779228894094 0.25086010097898004 0.1909126843053107 0.2641457383185477
1 0.2460317950024744 0.14617075574822047 0.1923114099950512 0.2601369372120984
1 0.48032822987361196 0.19180452256093394 0.19559354025277606 0.30404480277231577
1 0.6356431716421544 0.2712906108095545 0.19287797602842466 0.31414573831854775
1 0.56953125 0.9260416666666667 0.1890625 0.14375
1 0.58359375 0.99375 0.1609375 0.008333333333333333
1 0.3984375 0.975 0.190625 0.04583333333333333
1 0.23984375 0.8895833333333333 0.2015625 0.21666666666666667
1 0.2611256919956852 0.6601393975197778 0.2047228787873868 0.29874199613362
1 0.26512819651824093 0.49844426584611845 0.2047228787873867 0.29874199613361996
1 0.17577909147528684 0.4967375955803953 0.16228971732199748 0.288229626007751
1 0.6576996353461075 0.12919819919183684 0.1684025192218769 0.12699255048949004
0 0.7767805902320915 0.8910704274124865 0.07111808344622794 0.1067882190893466
0 0.70859375 0.9739583333333334 0.0734375 0.04791666666666667
0 0.5547317656038322 0.07487120665727337 0.06545458163720567 0.04188915463557864