1 0.325020918045816 0.4824413726246686 0.2024362986950896 0.29937345837448937
1 0.6371920120146356 0.20800128300846765 0.21960561736154424 0.29902664620354713
1 0.4939959953453176 0.1675149175819121 0.21924199069063524 0.25735997953688045
1 0.4986573180299077 0.3438723153690135 0.2480397000318167 0.3372848929541263
1 0.8644288633831796 0.576488324232993 0.2480397000318167 0.3372848929541263
1 0.7309543867361332 0.7555412866075242 0.20870448002863515 0.30208825394869215
1 0.19990438140513306 0.7247836628002866 0.2654635573679075 0.3661047474498507
1 0.3934141926718634 0.09074485506133405 0.19620338534372683 0.12181652836050398
1 0.3426613093570898 0.26774802546071896 0.20410788669636232 0.31203132393470684
1 0.41953125 0.915625 0.1953125 0.16458333333333333
2 0.49921875 0.6708333333333333 0.5078125 0.6541666666666667