1 0.5706423713783902 0.8524697904400319 0.20121155128112633 0.27176282677461266
1 0.5824766296505579 0.6111808344622809 0.18358740363849116 0.25806181516604304
1 0.2233242615774273 0.6816837411421444 0.16814218610347983 0.21749583597115246
1 0.38671875 0.8979166666666667 0.1984375 0.2
1 0.4640625 0.9520833333333333 0.175 0.09166666666666666
1 0.7640625 0.9791666666666666 0.196875 0.0375
1 0.5724358879227255 0.3683633182554412 0.16396410835322078 0.2317516206839669
1 0.5202996914801634 0.14754327302717735 0.19372438296032685 0.2359094286139206
1 0.7449637053339022 0.3544409505479778 0.19161822745980875 0.2648577295335746
1 0.7877742133966729 0.8437424679608323 0.19161822745980855 0.2648577295335746
1 0.6129966137299043 0.16856839589738445 0.171160178245597 0.2592716855113256
1 0.7228575729927481 0.45784776646845665 0.1557535020669146 0.2644298567762623
1 0.21043669396136275 0.17888628976266335 0.1541910020669146 0.2643206739027559
2 0.3594307737785363 0.42829608171156686 0.3563443151348652 0.47380186642438127