1 0.18792446984821318 0.1966377750751854 0.20314354053191014 0.26231126519675946
1 0.3546609836883777 0.11422923784046338 0.21535969764227278 0.2023310096242595
1 0.7004523502668302 0.44192740716523227 0.2302153765014653 0.2798022639301854
1 0.6911887326997944 0.13092885903967671 0.1801225346004111 0.2241324034947224
1 0.7206560568063514 0.19023199480449154 0.1794513725471326 0.253250580039815
1 0.6064755627006695 0.6767362054178712 0.18519203657757757 0.2367778738594448
1 0.44326595547657616 0.822856124744769 0.19239704152049336 0.26822183434574093
1 0.23984375 0.896875 0.1921875 0.20208333333333334
1 0.23313090460172367 0.6109319095734261 0.19239704152049333 0.26822183434574093
1 0.34140625 0.9416666666666667 0.1984375 0.1125
2 0.44938459878395537 0.4435197426525931 0.407369419999125 0.5600391970601856