1 0.7683369590741573 0.59375 0.26980154334173856 0.29791666666666666
1 0.6770734566582615 0.29791666666666666 0.22413835697722054 0.26666666666666666
1 0.6217956384808516 0.14166666666666666 0.2240108112195859 0.26458333333333334
1 0.258180064384388 0.3385416666666667 0.22413835697722054 0.26666666666666666
1 0.4778063934818214 0.10729166666666666 0.22251221303635713 0.21458333333333332
1 0.6292752327018807 0.9 0.2213643012176462 0.19583333333333333
1 0.5018677098230635 0.9010416666666666 0.21967425546001174 0.19375
1 0.9142710834701834 0.5197916666666667 0.11910017061270253 0.23541666666666666
1 0.42766429058748684 0.6583333333333333 0.1564726248550679 0.23333333333333334
1 0.465657595598155 0.28020833333333334 0.21167030788560606 0.24166666666666667
1 0.17853971711924305 0.06979166666666667 0.22104556576151388 0.13958333333333334
0 0.7694208401381433 0.4739583333333333 0.08242960485118864 0.09583333333333334
2 0.06495609393116505 0.725 0.1299121878623301 0.2833333333333333