1 0.10890752535333355 0.4395597868835839 0.2178150507066671 0.2787317184464374
1 0.12677321979217687 0.6648627988529044 0.2306812378889811 0.2787317184464373
1 0.8811189672002786 0.6759253234335116 0.1651929389257404 0.2803059916713122
1 0.21444073218601972 0.8416741159216454 0.2013847171537959 0.23685900364063267
1 0.5030778989159724 0.2071308182344182 0.20138471715379608 0.23685900364063267
1 0.8619825901507869 0.026488231188651727 0.14165981969842595 0.040662055944114636
1 0.3967439672002787 0.6721679750139363 0.1945100005656478 0.20348930887098077
1 0.676538065409584 0.5774140587991804 0.1945100005656478 0.20348930887098077
1 0.531985565975232 0.37410655710979185 0.1945100005656478 0.2034893088709809
1 0.3186338398679631 0.12336651339685348 0.19437329952888857 0.20140597553764752
1 0.6268621112152789 0.7865102877874055 0.2005645109332404 0.2243590036406327
1 0.749162086993241 0.23301024745324408 0.2005645109332404 0.2243590036406327
1 0.24597015353412094 0.39690062997313796 0.21566183063166627 0.26403930080414856
1 0.346875 0.8864583333333333 0.23125 0.22291666666666668
1 0.5685991348251861 0.638066380294121 0.1492562891612959 0.1802332687986753
2 0.8666442385011116 0.43193897409744153 0.22695064514629593 0.29327869034345233
0 0.13095358039532515 0.7441021883922081 0.05281193317629622 0.06704240150862403