1 0.6613602006339887 0.6990400202961096 0.197967593780867 0.28799202840111066
1 0.77578125 0.89375 0.2453125 0.20833333333333334
1 0.7465575365174713 0.24540551913382527 0.19737559793005205 0.27757536173444397
1 0.7422979342377418 0.3752885087662327 0.1979675937808672 0.28799202840111066
1 0.6081686201258689 0.14544660094327005 0.18196224025173785 0.17023175344036995
1 0.5329201663916024 0.1459816005661715 0.17209033278320493 0.18770587709728356
1 0.3418215697109504 0.11541156525333247 0.17426813942190078 0.17140374652864152
1 0.35474854481584106 0.17900517354740655 0.18056660622842174 0.25491934791098725
1 0.5122076925361115 0.32775290625259135 0.198701299589726 0.2735909631167896
1 0.5401578616270064 0.5327917207672209 0.18958640871793264 0.24976295620506123
2 0.29742775519809206 0.6452043655674068 0.3908691792633644 0.5960883179395052