1 0.6946100806947181 0.5229793731565745 0.17296584308955404 0.25800267634185886
1 0.9140625 0.3145833333333333 0.16875 0.25833333333333336
1 0.7758181323171656 0.15141520485852736 0.17931583703943002 0.2812103494209568
1 0.3243238100102627 0.1880654181566838 0.17288402985783763 0.23925267634185884
1 0.3535765354169825 0.6242922651022972 0.1761726563212706 0.27689817954807455
1 0.5082413095192834 0.6118815230612908 0.17767152380771342 0.2623875978178489
1 0.3683288609453391 0.42356474907121905 0.18706470452587257 0.26699077410316246
1 0.26292374345889646 0.4430588156143294 0.18706470452587262 0.26699077410316246
1 0.17820278893302388 0.18861769304726383 0.1870647045258726 0.26699077410316246
1 0.4899918001495095 0.9065409181001385 0.17247496369925486 0.1455026763418587
1 0.90390625 0.634375 0.1890625 0.27291666666666664
1 0.3228088453290493 0.9153670062993406 0.17871587334017516 0.14371034942095662
1 0.20809236035616396 0.949880915794431 0.17689884328594588 0.0853042644845156
2 0.594205038834828 0.25572409995392026 0.3410441982793568 0.46995376454106097