2 0.3930209072680401 0.3785794381231498 0.3054500522890183 0.3862831910765057
2 0.7971961539440479 0.1585790000991495 0.19675844606059661 0.14568827538602847
1 0.28674390601864025 0.125654301089191 0.21411281203728053 0.23178405667876867
1 0.4243972713706244 0.09471022930172174 0.1800445427412487 0.15308782610851074
1 0.7046875 0.871875 0.215625 0.2520833333333333
1 0.6405909564335588 0.1438400672732306 0.2023465178461393 0.21660649804762103
1 0.7388079265640719 0.4742110896811159 0.2135925937808672 0.2774476113555837
1 0.6128239217901872 0.3541753894026213 0.2135925937808672 0.2774476113555836
1 0.7747481944102114 0.6817768742691332 0.213592593780867 0.2774476113555835
1 0.5140625 0.9375 0.19375 0.12083333333333333
1 0.62578125 0.9729166666666667 0.1859375 0.05
1 0.7265625 0.975 0.190625 0.04583333333333333
1 0.16260615976683984 0.8603635876295875 0.12069285352912935 0.12286358762958732
0 0.24197435105355156 0.8864830540425468 0.07059776514684701 0.09106535178688611
0 0.1884419962750224 0.5201170448157706 0.07059776514684701 0.091065351786886
0 0.7207762865174713 0.1980420890220604 0.06434776514684692 0.0907257944738492
1 0.3096918794731458 0.693894965119636 0.1866982070582587 0.24275604877010343
0 0.350153703957981 0.8850911956898938 0.07059776514684701 0.09106535178688588