1 0.5135716206097006 0.14442379431710278 0.19160675878059868 0.23683800275588615
1 0.6136943404572754 0.12250889412346927 0.19136131908544912 0.18058800275588613
1 0.8033279704367502 0.5406454132840927 0.2168158370394301 0.2863071943741443
1 0.6951205606976337 0.44535996635894987 0.21680674668035033 0.2842238610408111
1 0.541322353244895 0.7692326007685217 0.20103630093507655 0.24992019961273304
1 0.35000700683569114 0.736512748274565 0.24347833098930566 0.31087341880187724
1 0.52578125 0.9177083333333333 0.2015625 0.16041666666666668
1 0.7784587388817102 0.8673149211419755 0.18367608411256367 0.20926950537518038
1 0.18823527732375478 0.201324303279745 0.18051472267624522 0.20074210642289808
1 0.15990067818407644 0.426709562447275 0.20749537919390765 0.29822499751729764
1 0.34375 0.9270833333333334 0.18125 0.14166666666666666
1 0.5853137686413519 0.5375260030290698 0.18868174668035032 0.2824772704702705
1 0.6440882840612501 0.8579284328605039 0.17594539734428025 0.22753434132780798
2 0.37264157269968634 0.3846976912024705 0.4483759510098312 0.7297376840335591