1 0.5901847178338657 0.7777737501004864 0.18876270555093821 0.25990881380524605
1 0.6866578112177948 0.7215731745420156 0.19520370653952135 0.26664417520082917
1 0.4814211659704302 0.569896901123312 0.2274087114824372 0.3003209821787451
1 0.5190378655898693 0.36399037476789453 0.20827670950527094 0.28636489799199555
1 0.397664295400464 0.7993678906940843 0.2407363824329643 0.32837503830324505
1 0.27102619954507706 0.868887999623535 0.21644203657757738 0.24750960675203687
1 0.24630738384147702 0.7552455400100774 0.2419805474519924 0.318079711985474
1 0.42265625 0.96875 0.1859375 0.058333333333333334
1 0.5947766477188224 0.1662650202937576 0.22919670456235508 0.25681366287653673
1 0.6817806047154544 0.44554178157640134 0.24555121642535305 0.332905726016599
1 0.70859375 0.8854166666666666 0.1640625 0.225
1 0.62578125 0.98125 0.1609375 0.03333333333333333
1 0.2664288132321421 0.1480752136923065 0.1426225346004111 0.22930661035393443
2 0.28980135174970484 0.4338960241780037 0.36677891209045954 0.5252182451682214