1 0.28125 0.767889221145483 0.23125 0.3298941003492492
1 0.55859375 0.5270809068120937 0.2296875 0.32974841949103334
1 0.69296875 0.8510416666666667 0.2296875 0.29375
1 0.48125 0.853125 0.334375 0.28958333333333336
1 0.5265625 0.13346944921867293 0.23125 0.1903107670159157
1 0.51796875 0.2097515378318202 0.23125 0.336144100349249
1 0.7546875 0.640155521184824 0.2296875 0.32974841949103345
1 0.41328125 0.15103258699803856 0.2109375 0.2446669158591123
1 0.83515625 0.8570330853829299 0.1796875 0.1959199653614661
2 0.7171875 0.3304091805876485 0.3 0.46755405811073747
0 0.56875 0.785319499057162 0.0828125 0.12438775215209598