1 0.8543452488188737 0.18564606772752745 0.22431549763774744 0.23289532015019052
1 0.6676017392850448 0.5838841058299148 0.22466272721932726 0.3056663059586417
1 0.425 0.9083333333333333 0.215625 0.17916666666666667
1 0.5307788402808367 0.7456999881613987 0.21452383538669526 0.27562555414268103
1 0.3210814033501953 0.5650846219727079 0.21626987386128266 0.3422922208093477
1 0.12890625 0.865625 0.1640625 0.26458333333333334
1 0.09770586841898705 0.15978251815960545 0.19170140507947592 0.17789836965254427
1 0.8642559952754946 0.5045417485857431 0.22466272721932726 0.30566630595864147
1 0.7420635698624167 0.8381378898289621 0.1948462524470706 0.23846071717742656
1 0.47421131551642937 0.10344345961023314 0.1827976310328588 0.13550329869479938
1 0.32388399953666386 0.7316056077811589 0.23645339908902602 0.27974841949103346
1 0.19308288892222508 0.5282116320281327 0.20580359981466553 0.2997514689933871
0 0.4912773083448533 0.3087027327135171 0.05665179328391083 0.08009883003754771
0 0.9100050380112512 0.8527569154204774 0.06980655771188111 0.10626427690327299
2 0.33428077467958933 0.23587415398772696 0.31494547603820083 0.4200744340187178