2 0.5586471381321225 0.3431839388470023 0.3927227708830522 0.5898132022252836
1 0.6362754086053991 0.8398041396737431 0.19226889081820958 0.20003600166586655
1 0.48251470781961087 0.8511872306884868 0.18787248924663302 0.20789573831854777
1 0.7232596399941492 0.6005819288827661 0.19176377667402064 0.2747202705454318
1 0.775477227254921 0.1977558893241073 0.1781721575674327 0.24220734606369282
1 0.8669605599675787 0.10554591935047775 0.1387457845319034 0.2110918387009555
1 0.2623756439230907 0.6679066697001136 0.18918243217453848 0.24539573831854777
1 0.22103139826631688 0.8931757792447869 0.13089043507002263 0.09211164260449062
1 0.33624571505381196 0.0006756235089513951 0.16500856989237614 0.0013512470179027902
1 0.2525705742356023 0.16858598367058403 0.18925520678164434 0.24747907165188104
1 0.4214959327982202 0.6590960492246088 0.1892552067816443 0.2474790716518811
1 0.18039370554329923 0.4073501383061627 0.1686901497095498 0.2827689538088379
1 0.3065880244022181 0.49424729680812135 0.17025264970954979 0.2829268193690552
1 0.33702242535462207 0.8264432600155858 0.180535178245597 0.26528187829057687
1 0.4673651284122128 0.06511540165348144 0.1840197431755744 0.13023080330696288
1 0.3549292868082149 0.22467565780268722 0.1705779813887502 0.24766801826260595