1 0.6188511858759707 0.14623693135509327 0.15259098620028233 0.20257171833777796
1 0.7265818652591196 0.1433327497437045 0.15259098620028233 0.20257171833777796
1 0.7973263823019531 0.6557375113949083 0.17772735389503397 0.21376422694962993
1 0.7166746258091312 0.5199554269220842 0.17926258035608367 0.21172938373787056
1 0.4909457430968459 0.7555599574448154 0.16945120373287814 0.17810510967509288
1 0.3153360426103785 0.6439033088893059 0.20442622158978577 0.22500522568305575
1 0.43046875 0.9197916666666667 0.1734375 0.15625
1 0.6953125 0.9375 0.1625 0.12083333333333333
1 0.2883727532464109 0.07558884903629662 0.1610386858759707 0.13202932573388904
1 0.2066296497551187 0.2740120491379632 0.1623750892845374 0.23411265906722237
1 0.24881851866439111 0.8719538318125929 0.14313416558343128 0.19603077760833354
1 0.5891087333576133 0.5586875702863432 0.14354326866768652 0.22728077760833354
1 0.5683634054338663 0.8829117283411579 0.14587733603812653 0.16696109118481484
2 0.42127853084255096 0.32544686246027826 0.3203820527566482 0.6117813576481484