1 0.4068071210270768 0.3337778953743819 0.2640465484405755 0.33396994465923896
1 0.0995477193539216 0.5531457848537749 0.1990954387078432 0.3312915697075497
1 0.1637229658938805 0.2341616501095525 0.24003604547482604 0.3126690295065483
1 0.32734375 0.8552083333333333 0.2390625 0.28541666666666665
1 0.815625 0.903125 0.215625 0.18958333333333333
1 0.7952555142972749 0.5244649061011627 0.21328254448624281 0.30352799233349875
1 0.5048560073771927 0.5367536192179774 0.23579421444818677 0.3267421798093435
1 0.2993090029285685 0.5426006268844785 0.26975272037968584 0.36781346102311047
1 0.534375 0.8677083333333333 0.2125 0.2604166666666667
1 0.636174991559862 0.6513788660934041 0.19902904349765968 0.2957474432418844
2 0.6690643819014916 0.2933430535692487 0.4399962361970166 0.4860099891123042
0 0.8811744737653647 0.7909185667119255 0.1053825197716634 0.13605396566165975