1 0.2511489161661863 0.508963405699638 0.20588452090551304 0.22000704206179833
1 0.4426146213008012 0.3159260847293102 0.20588452090551304 0.22000704206179833
1 0.7000994395613609 0.0918120601547276 0.20588452090551304 0.1836241203094552
1 0.8413930265201207 0.2267898929621208 0.2058845209055132 0.22000704206179833
1 0.813437542587485 0.6171375064099984 0.20588452090551296 0.22000704206179833
1 0.6564224321629634 0.7703819870366932 0.16774748407381015 0.20280331976431304
1 0.2538966716396196 0.8026632436312414 0.19347552616718494 0.22121691240708094
1 0.531994910692753 0.1954468762266348 0.19649411035393455 0.2546594286139206
1 0.7206192529837717 0.4418881350844905 0.19649411035393438 0.2546594286139206
1 0.4456970347655644 0.7446058578335549 0.17581758930724706 0.24490671792500482
1 0.8310815269436438 0.8194480642270574 0.1657299577654509 0.1922774702241398
1 0.08994246053746113 0.09761569425628652 0.17988492107492227 0.15806181516604295
2 0.5585364819370844 0.46152189582572956 0.21054119980235592 0.290949558268638