1 0.8153317967331108 0.4481644307248157 0.20646645280546388 0.27510961003747264
1 0.4192077683554808 0.45410132010264964 0.2522190437984502 0.3191531778953967
1 0.14254034855112557 0.14705895782045122 0.20147856415651583 0.26860494205269514
1 0.11873500385751132 0.33432373977224683 0.23443076650055428 0.30571939528454556
1 0.0646168052141007 0.6062995342460961 0.1292336104282014 0.2999009315078079
1 0.12303487276670252 0.5366847358179141 0.23589313695090497 0.30372095127947135
1 0.06645870990217762 0.46575942357435524 0.13291741980435523 0.30181448618462287
1 0.32576505629383484 0.24203812709855235 0.2522190437984502 0.3191531778953967
1 0.5613799861203393 0.10805748943032543 0.20536502775932136 0.21611497886065087
1 0.4656960487356957 0.053397391939693624 0.19673290252860856 0.10679478387938725
1 0.9396995434939083 0.3572529524488582 0.0898401573089707 0.24799446641295936
1 0.506313237975266 0.8628697344502285 0.20542558451458143 0.22102783269906515
2 0.6814238595053508 0.8834855736902735 0.2868968275747511 0.16519518975839464
0 0.27395012338501135 0.7851054676814956 0.09955751387966058 0.12592669302888454