2 0.6907220114128774 0.5647140708994288 0.27317492134838534 0.3000256299731381
1 0.8519629966803504 0.2774329340251358 0.1559419695529872 0.28869992739850947
1 0.5459912943939729 0.6969201997068896 0.16345448770335977 0.22001052979237368
1 0.3555662822937245 0.7412748346299385 0.16345448770335985 0.22001052979237368
1 0.08248680971567514 0.46312420465680043 0.162173788834828 0.2845817426469342
1 0.09402777683277547 0.24342950182031634 0.168423788834828 0.28463022456202547
1 0.0956670240041051 0.08198934920514224 0.13820904800821018 0.1635666021320085
1 0.7106607649289188 0.12113375760224834 0.18366699375348397 0.1972514293497537
1 0.5300783854404235 0.09369217563732055 0.24453177088084707 0.18105746135522718
1 0.45170444232742835 0.39411569788657325 0.18367608411256367 0.19933476268308706
1 0.6953125 0.8989583333333333 0.275 0.19791666666666666
0 0.3438783067888089 0.39015438485124837 0.08318520472226432 0.08605905204162631
0 0.9663083395735127 0.7012222751634458 0.051944295081343836 0.08789997579950323
1 0.2188333758742579 0.5579286863100361 0.19501355991206687 0.29108627270116355
1 0.26359695091163526 0.7905597263823417 0.16345448770335985 0.22001052979237368
1 0.17169579722264325 0.8554696181347452 0.17282948770335987 0.2200832526650108