1 0.36953125 0.9072916666666667 0.2296875 0.18125
1 0.17795929045754805 0.8199395674848965 0.19061436562705034 0.2242338658678335
1 0.1640824742596564 0.70973556303959 0.20483337452429895 0.2818443539492686
1 0.4789832099623815 0.306099004670877 0.20483337452429887 0.2818443539492686
1 0.5509166293928527 0.8249974212409223 0.20904071345960365 0.317601142636294
1 0.6234375 0.9958333333333333 0.18125 0.004166666666666667
1 0.45551782954376446 0.07361614830571242 0.16708934091247105 0.06594313374568099
1 0.5061346644875554 0.5975104079050026 0.2590062213682689 0.37287303395185484
1 0.7275003285180002 0.6383257380171414 0.2275997124710205 0.3133918747584465
1 0.5945829881370018 0.13996330588852332 0.18583402372599628 0.16972707718080812
2 0.21344709878395535 0.45382551314267683 0.33766441505620903 0.551699234763619