1 0.7129220181335029 0.4679529819059628 0.2330532366340588 0.312207667675073
1 0.6667163341161624 0.19391466969188526 0.24593266823232476 0.2864354620656803
1 0.32065746537560996 0.6077420155360905 0.20621772084904322 0.3034810930854069
1 0.34921875 0.909375 0.2328125 0.17708333333333334
1 0.7588084547110919 0.8415542515453933 0.25347215244730936 0.2809138663567585
1 0.518327667879389 0.8046089064759582 0.25347215244730936 0.2809138663567585
1 0.2455770814853265 0.15361201173610176 0.2180359104104042 0.1821669158591123
1 0.78828125 0.9364583333333333 0.1921875 0.12291666666666666
2 0.20206854714328512 0.3331795434149854 0.27640839448421434 0.37849536998867966
0 0.4163794890531333 0.6260035478872451 0.08634629465362349 0.12424207129388047
0 0.5472500574548673 0.665178392452477 0.08634629465362345 0.12424207129388024
1 0.4708578025461313 0.16320456241492937 0.22921560509226263 0.2599786534835239