1 0.5565389810982986 0.09974996169675512 0.19629703780340294 0.19949992339351025
1 0.16240385533899282 0.35043690898592045 0.21275849240055572 0.2994715997364745
1 0.18307676519888855 0.5516811335780355 0.17660278685347236 0.2841807717118712
1 0.23076546352777724 0.8142828985566929 0.16726415444465292 0.2855360629518297
1 0.35112543569545135 0.05210020193271145 0.14415134992375006 0.1042004038654229
1 0.6907249578281941 0.5663515166791198 0.1966607137152085 0.27117486291418325
1 0.6856952317638887 0.36285222193137995 0.1966607137152085 0.27117486291418325
1 0.43522375949930536 0.3198880181036035 0.25116768218006963 0.35446710144330706
1 0.8137461901607637 0.4465309729730286 0.17304137575930562 0.25893809101407955
1 0.8410334291428467 0.5817255063440084 0.1730413757593059 0.2589380910140795
1 0.5982802718484023 0.7670179165661802 0.17460387575930572 0.2590594313629753
1 0.26510213630545076 0.947889733690975 0.13691942496187498 0.06680661035393456
2 0.3906885902370135 0.5917321970004464 0.3613090144363893 0.585634911834888
0 0.10644610248920124 0.248676501895065 0.0750376740119445 0.0973696630647692