1 0.8117091387600732 0.22539245069477812 0.1777169756031114 0.27417582742662167
1 0.4520483133299124 0.09228379386436845 0.16152837334017517 0.1441602674773631
1 0.2301626603282914 0.6199401765772858 0.16822380093507638 0.24658315812373316
1 0.2823534368664793 0.12057330174824649 0.16966812626704142 0.21958471411865904
1 0.5445529341360048 0.3827938202265864 0.19638516237139497 0.25644449936573194
1 0.392030880372258 0.7735603333829081 0.1963851623713949 0.2564444993657318
1 0.303125 0.953125 0.178125 0.08958333333333333
1 0.6292557079437181 0.13316873262178636 0.1820681323171655 0.19734716207806588
1 0.5048722897185908 0.5223382536867734 0.19638516237139497 0.2564444993657318
1 0.37385409387512103 0.4620825501130016 0.1963851623713948 0.25644449936573194
1 0.25078929859738536 0.369959626513859 0.17918857201231528 0.25342738342154747
2 0.64140625 0.725 0.3796875 0.5458333333333333
0 0.16599510031802872 0.8196271587827887 0.056704517953980904 0.10722268248399729