1 0.5321268685948669 0.7386361361972905 0.22483746268299926 0.17429235842151675
1 0.72684847525464 0.8184735707149334 0.15999426002545344 0.2598003137569222
1 0.55703125 0.9083333333333333 0.1453125 0.17916666666666667
1 0.4265625 0.921875 0.159375 0.15208333333333332
1 0.29301946260345746 0.6393665999429584 0.17707267202418073 0.24836767466114135
1 0.4641864852800934 0.5520265095090096 0.15505222135581712 0.2303425486618321
1 0.5633972392982288 0.3799660601011644 0.15372607869190807 0.25732884918569093
1 0.25625 0.95625 0.196875 0.08333333333333333
1 0.659375 0.9854166666666667 0.171875 0.025
1 0.7217273599618199 0.4200232235961571 0.17667268268618094 0.2025343413278081
1 0.7298131273074558 0.2996265379054589 0.1913169853596351 0.27007430327974496
1 0.39239603799331846 0.09002875158283086 0.1652079240133631 0.14143844499482003
1 0.30032671666136385 0.07076214915717007 0.1462215666772723 0.113190717947793
1 0.6163966119907732 0.12895295974241824 0.1422067760184536 0.1899829528527029
2 0.29486541530077426 0.33827641687155446 0.3243669373806342 0.4844750592756011
0 0.7078728506126843 0.5744552944536946 0.04743862133990895 0.06749431761756762
0 0.15734832865213702 0.15255716349499268 0.05826703333863614 0.05567354728388896