1 0.5304734619271396 0.7239520507638137 0.21967834269572606 0.28878627381708905
1 0.6361245726050482 0.6151595832272068 0.18174199069063518 0.23820447114363497
1 0.7498449113224096 0.11893984102478164 0.20656017735518084 0.21775900625927103
1 0.0996170973106374 0.5911590489072719 0.1992341946212748 0.29065143114787706
1 0.6304211072963198 0.37337170767023714 0.2244022053628168 0.29302566581793754
1 0.5196012386219111 0.44770432898363205 0.2023272106938169 0.26976961425842255
1 0.43627057061586605 0.5057945147464207 0.20225448535963514 0.2614362809250892
1 0.7662018765913672 0.7515708925842967 0.20225448535963508 0.2614362809250892
1 0.907020517305865 0.2839003814979318 0.16468176002545362 0.25252114491830163
1 0.7444552406110935 0.5574572659133877 0.20225448535963508 0.2614362809250892
1 0.2174478452816842 0.5107339991512708 0.20241811736154416 0.2801862809250892
1 0.24488995058882174 0.7684862596010887 0.24019083736472585 0.31201808359854366
1 0.36015625 0.878125 0.2421875 0.23958333333333334
2 0.3406960833068194 0.26573773695096686 0.4592328333863612 0.5278876907489659