1 0.5039187291182439 0.7722903784864777 0.20057046279135698 0.2619196060344969
1 0.733636000169636 0.8611518488250318 0.24437502649368792 0.26434231277346926
1 0.5377604387447399 0.21462297697785357 0.1995337524470706 0.22233627270116346
1 0.1071329429210911 0.06340834140016562 0.1455158858421822 0.12681668280033123
1 0.2793725306700391 0.1065886788978429 0.19624506134007813 0.2131773577956858
1 0.09099705534962838 0.31185761462504036 0.16728673683797407 0.3033196221681614
1 0.23593756623421958 0.6545531329718047 0.1688492368379741 0.30333174264693424
1 0.3394544027172232 0.3703592456456009 0.1688492368379741 0.3033317426469342
1 0.9109375 0.34479166666666666 0.175 0.29791666666666666
1 0.10160720625275303 0.6274644339068811 0.1772420901960187 0.2659044655195712
2 0.7622966472749276 0.19516929470123362 0.24395836424263564 0.30808019229469635
0 0.49458584681944073 0.3264388644349852 0.08214286660488845 0.09436814441741402
0 0.4249405241314351 0.47180019360397457 0.0821428666048885 0.09436814441741402
1 0.8109276425504222 0.6198784032106859 0.20057046279135698 0.2619196060344969