1 0.7944669758071788 0.22178010064203252 0.20862594499481996 0.29628498592892427
1 0.4547194634011821 0.4797139626580366 0.1671276497095498 0.2703395032453126
1 0.6215837857747576 0.4033239247777509 0.20255572745980874 0.25659255843978956
1 0.39651747332597953 0.2656866444768176 0.2114598465663967 0.28802438203279185
1 0.23511124648534337 0.18582668235710337 0.18453347353086735 0.2769895151499175
1 0.684375 0.953125 0.196875 0.08958333333333333
1 0.51953125 0.9802083333333333 0.1578125 0.035416666666666666
1 0.17263243962264577 0.8776440800847257 0.17533394789030415 0.14771375432744946
1 0.10806697953123254 0.7562523657996391 0.15255572745980875 0.25542888744457504
1 0.15175497518800637 0.5352137543274494 0.15255572745980875 0.25542888744457504
1 0.39580049751880064 0.062379820883815364 0.18652400496239868 0.11050467207625304
1 0.6743063713828994 0.4608466899287668 0.20448210049533805 0.2670455898250567
1 0.6670781064957032 0.7796876017252679 0.17101462903138528 0.2475319307344473
1 0.252514800457066 0.6053221590884127 0.23733314185166687 0.3136062175303991
0 0.7428123147250896 0.626115680728955 0.0952825748547749 0.13544248701215952
0 0.5880243848223536 0.06581101460500445 0.11443068114108108 0.10258189502063217
2 0.43828125 0.7885416666666667 0.3828125 0.41875