1 0.6507421506206384 0.4470048527275202 0.2123203760343621 0.33912414415555836
1 0.7825814019335031 0.6470102184591104 0.24168061203054414 0.3018544332522419
1 0.7855625932925019 0.39492082488639074 0.1991294853596351 0.25986051365870916
1 0.7605545973106373 0.21700187302552873 0.22280334269572605 0.28712565417363484
1 0.4872716386457737 0.20141462347743955 0.24026356269890758 0.31850897944013584
1 0.4968359006206384 0.44819871988664334 0.21964198002863503 0.2829347465494225
1 0.420899014600594 0.6456494426283524 0.23692038669636228 0.29348473848259027
1 0.7446488813255913 0.07363575163026118 0.25132723734881746 0.14727150326052235
1 0.9101444226209565 0.44186785325123157 0.17142265603118007 0.3075590117074649
1 0.5115592825827766 0.8199343343807558 0.21039424936345305 0.297445357010119
1 0.4347058812460495 0.8538615711739577 0.261829480028635 0.2832619994762889
1 0.12532343260663914 0.5885712733558025 0.22285788669636228 0.2933756541736348
1 0.08672674598186447 0.4878568596160021 0.17345349196372895 0.26595294743466247
1 0.2638484885821403 0.8281054302662485 0.20067380402608972 0.2577893008041485
2 0.28451826129854707 0.3394364985724671 0.4614134987269063 0.5952058464683312
0 0.6099609672581398 0.7337601377907877 0.0648079346753633 0.08591360629635242
0 0.1040136959739103 0.255425807443448 0.06173747867599957 0.09213936533880679