2 0.59609375 0.8697916666666666 0.2671875 0.25625
1 0.8511666635632885 0.4712905637067203 0.1711601782455971 0.25043781158496825
1 0.90859375 0.375 0.1796875 0.25833333333333336
1 0.8393986019430801 0.20146253437296277 0.15770980024766895 0.13362569424993812
1 0.5922816993380462 0.07894293788454054 0.17831339867609247 0.14227417069805914
1 0.6595077406943751 0.1257944258964188 0.19328773531769167 0.21330143825587725
1 0.6876905527288684 0.19494441523441855 0.20531685442427944 0.24472113070230145
1 0.6848588052100677 0.24799668990023677 0.20531685442427944 0.24472113070230136
1 0.6515069578151016 0.36616488722678253 0.2204709735308672 0.27618930670484676
1 0.5200087088485589 0.4911391858688443 0.2204709735308672 0.27618930670484665
1 0.4749594203877142 0.2967952623063598 0.2611345148871962 0.32262868448969495
0 0.4753681811410811 0.1073210169742991 0.08161818114108108 0.10121208890302966
0 0.24646204693790014 0.4837718747082405 0.08161818114108108 0.1012120889030296
1 0.3636645095105127 0.41895970406320926 0.188347678245597 0.2507044711436349
1 0.15290690777232036 0.7561302506895747 0.15247864474715103 0.16269539380436224
1 0.1591183664159915 0.7104181262465443 0.24412679735218487 0.28280293337575557
1 0.4421875 0.8895833333333333 0.203125 0.21666666666666667
1 0.4078148856464138 0.8110990854020574 0.20604460049533807 0.26555446403563465
1 0.4199830918088857 0.71238316984933 0.20604460049533807 0.26555446403563465
1 0.65859375 0.9770833333333333 0.1859375 0.041666666666666664
1 0.3528938676588458 0.11062637072987587 0.20578773531769157 0.213495372480362
1 0.21307165818660515 0.5561309804795136 0.20604460049533807 0.26555446403563465