2 0.2349071822691458 0.7473644903747071 0.34934706128367515 0.46298620816650526
2 0.6457661171402834 0.722295744218068 0.49941566033373536 0.5453755331711508
1 0.37518694425493343 0.5983145589427814 0.20011726594251655 0.2827165779315116
1 0.19663149705932392 0.46945159875323145 0.19428334577069997 0.25351354982852653
1 0.12095206637205783 0.3533364138707282 0.15975121551297522 0.2095090197742972
1 0.5039559961548127 0.4347661375289321 0.15975121551297528 0.20950901977429717
1 0.5630820126631562 0.44785328624161796 0.15975121551297528 0.20950901977429717
1 0.45719610357261614 0.23923581616491937 0.15975121551297522 0.20950901977429723
1 0.5203954664174864 0.23666160344128667 0.15975121551297528 0.20950901977429723
1 0.5711357728399215 0.23522602121450326 0.15975121551297528 0.20950901977429723
1 0.727746541723114 0.04750318137279833 0.16799308344622813 0.09500636274559666
1 0.526426381162236 0.07439328155356265 0.20285276232447186 0.1487865631071253
1 0.3436138811622359 0.0733994022941911 0.1861632293077852 0.12640597553764754
1 0.06666295680654792 0.18495608847329936 0.12628361827193718 0.1925878230534013
1 0.7134903691764484 0.21849199740678987 0.24156778154634856 0.26429383085837793
1 0.93984375 0.49583333333333335 0.1171875 0.25833333333333336
1 0.93828125 0.34375 0.1203125 0.20416666666666666
1 0.9074174315917773 0.14196481708141412 0.14379866689245624 0.20105448165323564