1 0.3851008548158115 0.54402659264181 0.22240170171816526 0.30968998560354444
1 0.44923303312822843 0.8594125591239066 0.2112318283578455 0.22360578860588234
1 0.5555870952048731 0.4740658389934767 0.25569888059640905 0.3644434402608597
1 0.20955862222866606 0.6050128644887406 0.20349457146044045 0.2644714188753544
1 0.310596579035214 0.7824191671834615 0.1877876843053107 0.2610530248800302
1 0.7858898281307028 0.7094081503260711 0.19856140999505117 0.257820900676757
1 0.7994654907277459 0.1773043502030242 0.22027263568479166 0.2555233189368778
1 0.6624368815009202 0.3207034022271419 0.17364994120271576 0.21831830968377067
1 0.6221217407277458 0.1924572887166215 0.1920591044771273 0.290486703679095
1 0.09155225067736854 0.5941924861203395 0.14838434757972227 0.3282816944259878
1 0.8031990796010409 0.4717218805340197 0.23580246042459266 0.3336747007998039
2 0.4134018379687839 0.2529806981296908 0.42992867593756773 0.5059613962593816