1 0.365625 0.7021557694793169 0.2203125 0.301552728617879
1 0.36640625 0.878125 0.2109375 0.23958333333333334
1 0.6 0.85 0.221875 0.29583333333333334
1 0.71328125 0.647085311683653 0.2203125 0.30155272861787896
1 0.79375 0.5472904454223344 0.2203125 0.30155272861787896
1 0.77890625 0.21835899680387222 0.1921875 0.21252472070921352
1 0.19609375 0.5939869440298615 0.2265625 0.35397561926424903
1 0.29140625 0.3356235263870053 0.2265625 0.35397561926424903
1 0.71484375 0.3513368676785788 0.2203125 0.3015527286178789
1 0.59140625 0.9739583333333334 0.1953125 0.04791666666666667
1 0.1140625 0.761405254296254 0.19375 0.2292762767041393
1 0.9140625 0.29236859036495866 0.1421875 0.18064159553825287
2 0.50390625 0.40758514169692167 0.36875 0.5117005481358351