1 0.18981438309339366 0.6481927808713294 0.24677008019564478 0.3444774336825823
1 0.2671875 0.884375 0.234375 0.22708333333333333
1 0.384375 0.9 0.203125 0.19583333333333333
1 0.7098579703857523 0.5940165492317866 0.20294093460686646 0.27402306470230897
1 0.3256553462347737 0.41612628863937456 0.23126619370616516 0.28081198681685726
1 0.10429268352713235 0.2928244897765075 0.19376619370616513 0.27731564621968163
1 0.9296875 0.6427083333333333 0.1375 0.29375
1 0.49357283389627254 0.5116311120853507 0.2702075801956447 0.34666264655581713
1 0.47857318784606895 0.21572493832290968 0.226217748301957 0.3052292633839946
1 0.88984375 0.45 0.2171875 0.31666666666666665
2 0.5796875 0.8458333333333333 0.403125 0.30416666666666664