1 0.6689200801690273 0.7321707982930957 0.1858686840799308 0.2814823128863483
1 0.6225750230826732 0.5274575857559964 0.1777652433504862 0.26408724192860356
1 0.26752058111895777 0.8049546050920758 0.1777652433504862 0.26408724192860356
1 0.681703288468993 0.03688206961320332 0.2240934230620141 0.07376413922640664
1 0.7781730192829511 0.37151419498419636 0.22485975531833358 0.37039532015019044
1 0.4452715599361456 0.2735960724047859 0.18594141926229182 0.28564897955301494
1 0.3001207544653123 0.41192587093151756 0.1581787887533334 0.21442240496334908
1 0.27746123841340237 0.6376323745634387 0.15883340539458352 0.2519224049633489
1 0.34733340805694385 0.9243896933690877 0.19513196846486114 0.09723109308540691
1 0.6172179886977428 0.34284216380951577 0.20472778685347243 0.2894804831849361
1 0.7935577106779856 0.6519120104940597 0.2091607137152085 0.2753341924262498
2 0.41347278001652743 0.5313538207568931 0.23546994699770848 0.35266508615770015