1 0.11088465660532468 0.2006600829836976 0.22176931321064935 0.2988687806433298
1 0.3033407477220999 0.46299729680812135 0.2277286998023559 0.2988687806433298
1 0.3324682636482898 0.6508751900295713 0.16802049985882564 0.21401895380883787
1 0.8134892924463106 0.3938247908439269 0.13775614718563745 0.2690371103776066
1 0.7590964660108945 0.2323521471391795 0.18124854195220053 0.2319485449572435
1 0.8295036163920653 0.7572552135261376 0.1581904735504664 0.20265509378086696
1 0.5856626111303933 0.7839655742533799 0.17812354195220054 0.23163281383680878
1 0.4882107584572051 0.7357356367739579 0.2279261208772782 0.2677766462035469
1 0.21004796110215848 0.7825067737125404 0.16802049985882564 0.21401895380883787
1 0.4390415712443315 0.22320578587729012 0.27399748407381014 0.21850381190361876
1 0.5032629659403073 0.1596784295820375 0.1879535682605596 0.2429966738647797
0 0.926254602955537 0.358579069955052 0.06953822625188977 0.09621368686246269
0 0.771394255755782 0.6096399676084917 0.08607327886860805 0.11862567579796963
0 0.24543505538872873 0.15046744591145347 0.11345482622365469 0.14005939032166487
2 0.6089236188111397 0.48293944811196704 0.3783642785862593 0.5422433477295593