2 0.23584258930231528 0.32889866287644126 0.37103141875620305 0.4475472067068326
1 0.46945617167740794 0.36980640205177634 0.2320482482565737 0.30286226839632835
1 0.6334981307726856 0.25469287391182166 0.2320482482565737 0.30286226839632835
1 0.5461574983030564 0.6198867694751701 0.2320482482565737 0.30286226839632824
1 0.361910345946714 0.7209677072473518 0.22001713996249955 0.28594104869945863
1 0.5734375 0.853125 0.259375 0.28958333333333336
1 0.8529029501882874 0.32135136200501985 0.25548574825657366 0.3034077391753351
1 0.2109375 0.9625 0.203125 0.07083333333333333
1 0.08010787356263896 0.21132051244512426 0.16021574712527792 0.21014102489024852
1 0.08332211925055585 0.5452720459946653 0.1666442385011117 0.2393440562755155
1 0.7614651803015742 0.057365680728954996 0.18644463939685174 0.08338497402431924
1 0.9124748568799544 0.5105241390606408 0.1210725005656478 0.20459249891676462
1 0.8790684516488898 0.7215279134114684 0.16409933063166626 0.2659182835484425
1 0.08922115900074115 0.708062963743469 0.1784423180014823 0.28141073484678714
0 0.22497698246884362 0.744905492421746 0.08421775805851832 0.11844853787808891
1 0.5527060434966206 0.12657841828492916 0.24771291300675885 0.23250167640480088
1 0.38086468897222314 0.6348184740221223 0.19064270678620332 0.21869254653518458
1 0.3246632071155101 0.596996463741272 0.19064270678620332 0.21869254653518458