1 0.43359375 0.9145833333333333 0.2203125 0.16666666666666666
1 0.35265438485124834 0.6246296924294822 0.21833288524403188 0.2726124728319853
1 0.21315100243588692 0.5171131330862208 0.21702491529826115 0.33087305456221067
1 0.16384082796424362 0.3148578333898787 0.182368114166793 0.26468918596050567
1 0.2679556353422277 0.1884821907981018 0.18074198165323568 0.2500331010240646
1 0.32180331888905733 0.35658074530376727 0.18236811416679294 0.26468918596050567
1 0.42342893052176744 0.19676264197399534 0.2058692466803503 0.28036379334045614
1 0.685942566060387 0.212109911296107 0.2058692466803503 0.28036379334045614
1 0.48130103873663216 0.3921264088207636 0.2058692466803503 0.28036379334045614
1 0.8450873245463981 0.7037964474084417 0.22196694535249045 0.3894246427048676
2 0.6100583395735126 0.7220139978073834 0.4131919090517453 0.53580033828402