1 0.40151923027976083 0.611857616993032 0.1607510136969545 0.22819399981176763
1 0.5558389547599516 0.685571325564841 0.16349750539858476 0.2491486734939966
1 0.5371993889976935 0.39221616771468554 0.1882607070582587 0.24692345240966276
1 0.7739162937669338 0.5487059323168781 0.16037250539858477 0.24890599279620507
1 0.7772836277995386 0.13046184111456605 0.16058414772027058 0.14314135419178828
1 0.4121914240652723 0.09269319947294914 0.15374215186945542 0.1322393261295384
1 0.6748966080792995 0.7031871955887029 0.15845480788809568 0.24253465244730943
1 0.27510028546856413 0.48904368733688913 0.1738430095477696 0.2395813892696007
1 0.34452663692310104 0.37202230129272107 0.20968542116548736 0.21332689097643312
1 0.50390625 0.93125 0.1296875 0.13333333333333333
1 0.5609375 0.9 0.134375 0.19583333333333333
2 0.1615184244662576 0.8307215997364745 0.1927598755244536 0.3260901190763294