1 0.633720780005819 0.230345976510021 0.26638950091808394 0.32832777179517814
1 0.8890625 0.371875 0.21875 0.33125
1 0.6870676312331636 0.7707173543581475 0.26638950091808394 0.3283277717951781
1 0.5164361379011234 0.8098219999113241 0.24298395182646945 0.30247910847155474
1 0.4390625 0.9020833333333333 0.240625 0.19166666666666668
1 0.3043346216902659 0.8462785803638325 0.243111497584104 0.3045624418048881
1 0.890625 0.725 0.215625 0.2833333333333333
1 0.597575212287451 0.5438190087965474 0.2504138145535659 0.29653220251570594
1 0.309375 0.9614583333333333 0.209375 0.07291666666666667
1 0.465384465621431 0.5615527673082285 0.2409112687959313 0.29408515632939114
1 0.5744569634953991 0.39535677285040854 0.2499992263722767 0.3152215837068757
1 0.5171393157615138 0.15931475560757696 0.22490363152302778 0.2872289682410888
1 0.2707094365336959 0.6662329409691273 0.25044576546195146 0.27159282132453627
2 0.26497026425400344 0.41972165382210874 0.3492017430421762 0.43338142676119334
0 0.40062149545807213 0.14024563042080576 0.08268469636645773 0.10297032163268181
0 0.11267405380272018 0.529163535321424 0.06929187606301594 0.08790203782870662