2 0.7665231912981254 0.5026211204584231 0.4661419848011114 0.5914543505183497
1 0.325931292837396 0.3044726877068663 0.2443358007211808 0.3150714005569892
1 0.11677645801562528 0.4628501916859864 0.22249716831236127 0.3159662832946939
1 0.432106598023889 0.16003121272618606 0.21570165444465292 0.28437672598165714
1 0.29911160685760424 0.12294675097618948 0.2169732137152085 0.24589350195237897
1 0.16573671561506959 0.17658817652771103 0.21570165444465292 0.28437672598165714
1 0.20052798328250007 0.07245332015222435 0.21355596656500014 0.1449066403044487
1 0.30160931895729215 0.7030454742720501 0.21570165444465292 0.2843767259816571
1 0.35524346523381994 0.7293259037779044 0.21570165444465292 0.2843767259816571
1 0.4198157647207297 0.7998462193167406 0.21570165444465292 0.2843767259816571
1 0.4807357341355214 0.8403279801787618 0.21711868407993076 0.27612828197658296
1 0.6257222322356603 0.9033514953122498 0.21464568787965277 0.13446161530991627
1 0.89453125 0.678125 0.2078125 0.34375
1 0.6270365851061112 0.10127870352419711 0.19775043502986128 0.20255740704839423
1 0.751637848023889 0.14267134509718196 0.19775043502986128 0.23969294337080604
1 0.568850717133681 0.6468202878089326 0.21991637575930573 0.2575480606331013
1 0.31578930737069444 0.04949775361241129 0.28782861474138893 0.09899550722482257
1 0.6294817054501742 0.8051377159966759 0.19393575721819473 0.28943827538602845
1 0.1355667448690977 0.732919521064987 0.2357959488975696 0.27298028724902657