1 0.24054553164092835 0.8947660366935286 0.17191784946188074 0.1367135578953589
1 0.5789659844936313 0.6422086156724629 0.16345468610347993 0.20746204787728242
1 0.6442722307695776 0.0918510615486646 0.17308224317557439 0.17004689122869213
1 0.6352416015333046 0.8646283427094439 0.18693072745980874 0.25346506791343537
1 0.47243361807313056 0.0943788758805945 0.2082577638537389 0.188757751761189
1 0.2523223252690596 0.06700534556450957 0.15160534946188076 0.13401069112901914
1 0.168715650952404 0.3350584180350722 0.1112029813887502 0.23204995159900635
1 0.10810982899311328 0.616702333595189 0.09841188296032674 0.2236196544354904
2 0.34250625372405363 0.5471941091640914 0.2915155277074778 0.385490778554896
1 0.2620631207637269 0.7706743780936943 0.1903082845319033 0.21600142934975372
1 0.37799418176476285 0.8280926152796795 0.19030828453190338 0.21600142934975372
1 0.5628466406133218 0.34345633047826757 0.20644270678164425 0.23070596747081532
1 0.6235400839555121 0.5064828767970893 0.18293243217453856 0.22844082695588963