1 0.8094178996950003 0.49354822539696375 0.21544708130638918 0.26979339264832375
1 0.7751565749412157 0.8111752141930211 0.22856533035645848 0.305889173941064
1 0.65078125 0.8854166666666666 0.1984375 0.225
1 0.6081827080156252 0.5013475020515284 0.2290017414506252 0.33088917394106404
1 0.5419725605048266 0.24070270691862383 0.2093425516711113 0.2777871686686204
1 0.7226595160519098 0.2630074243325601 0.2489869331300003 0.31324273520843343
1 0.5118473429898959 0.1245913656766251 0.2205696859797918 0.20554961662802723
1 0.5154919406325352 0.8699153630404034 0.19949477298576407 0.2501944993657318
1 0.6018275245043755 0.763253276753714 0.1994947729857639 0.2501944993657318
2 0.29708220706569477 0.519828747730487 0.34342922378319474 0.44741787224239216
0 0.971875 0.2916666666666667 0.053125 0.1125
0 0.2251318590418058 0.3327602839537493 0.08801045269729177 0.12341891305425534