1 0.28950947308774866 0.7505592202939035 0.16459584577069997 0.26168958147130655
1 0.27854207485134247 0.92980009760286 0.1526137449116174 0.1154681169000753
1 0.6892494442549334 0.5597056898305397 0.16459584577069997 0.26168958147130655
1 0.7243869255988835 0.17847563992735643 0.1881152329258297 0.265228406946757
1 0.5452792797373265 0.16453738020744674 0.18623182835784532 0.21731174028009032
1 0.533505134553138 0.7416721020158853 0.17562187697836434 0.22496584394710245
1 0.37737024197094127 0.5550568855826271 0.17562187697836446 0.2249658439471022
1 0.3832738404551747 0.9045003829633328 0.1556502137039529 0.15306514970954954
1 0.767397698438805 0.4159727678569885 0.20661957146044047 0.26014280066045065
2 0.35779696913101977 0.31610426551087795 0.23013231456303557 0.30316792665976006
0 0.5935252657153739 0.8141720711367334 0.057553550429541286 0.07631281499827339