1 0.74765625 0.9614583333333333 0.2234375 0.07291666666666667
1 0.6103752491925164 0.8476687622353535 0.22251374837514692 0.2976852244350932
1 0.9296606319015066 0.46333350112668964 0.1300807865245936 0.27464287985173236
1 0.5136304829571667 0.5346429505015666 0.2083148806803951 0.28661379334045617
1 0.2867622455390684 0.6668750529873757 0.20831488068039522 0.28661379334045617
1 0.08879767289032722 0.4240112596469195 0.17759534578065445 0.2896891859605057
1 0.18568058117015784 0.26713627730937806 0.20987738068039521 0.28668654494356394
1 0.3127282763816194 0.35539357543088496 0.17641031574558702 0.2351587612783
1 0.369053963068369 0.05366408746832987 0.1681420738632619 0.08070108819920209
1 0.8203125 0.871875 0.209375 0.2520833333333333
1 0.802392974028713 0.5710186637431778 0.2086694366867497 0.31369712667378946
2 0.7560476282480585 0.2895239457770612 0.27015240746575647 0.3582011058616606