2 0.6895994282797524 0.5377710446111128 0.2526322211662517 0.36403275036160443
1 0.376227250066507 0.5784824551047542 0.21881951082055268 0.31437178799901183
1 0.6583591031277854 0.2910126770962363 0.21881951082055268 0.31437178799901183
1 0.36353233643473803 0.3389118710017293 0.1912568004748536 0.2654398978324687
1 0.24910978675130716 0.19017310870216114 0.1912568004748537 0.26543989783246863
1 0.2418224724863999 0.2741443802070377 0.1912568004748537 0.2654398978324687
1 0.1863500593168493 0.45932589249111166 0.2336094365265156 0.3493455337734562
1 0.4871958423072328 0.5998252896003716 0.18679662100796718 0.27530976035209825
1 0.3667061828986059 0.8362297918939515 0.24259197994174037 0.2610380767832093
1 0.874993707509212 0.6480994113717924 0.18138169530200435 0.2414296228717279
1 0.8097133514784328 0.46141867288617494 0.17576819279472175 0.26986721734234526
1 0.7084824382423752 0.0765931943445687 0.19553512351524951 0.1531863886891374
1 0.4714969152811216 0.03015922582444495 0.1601311694377568 0.0603184516488899
1 0.3804854703748289 0.05306219855463002 0.15777905925034225 0.10612439710926004
1 0.529181383148668 0.06945640785395119 0.19788723370266403 0.13891281570790237
1 0.6086726548562803 0.10325910524629696 0.1977341210079672 0.20651821049259392
1 0.5017634253102514 0.12456038557938325 0.1977341210079672 0.2491207711587665
1 0.4638769804039587 0.14112907125330296 0.209126262074194 0.2822581425066059
1 0.47294209184501435 0.18172597700222343 0.20912626207419382 0.2986948463716044
1 0.460694492940371 0.278744052654137 0.20912626207419396 0.2986948463716044
1 0.5109873803121812 0.8308283306936434 0.20927937476889086 0.23429378108728352
1 0.09625155971256073 0.2672281094563583 0.16818301332783514 0.27937254376395015
0 0.7534309445770884 0.7194257178124095 0.08981866943775678 0.11645701074469107