1 0.6733952535153817 0.34176431958041925 0.20767094889756965 0.2793551782347007
1 0.7006630022811107 0.5669757024161063 0.17565722948277784 0.23269156107038783
1 0.8244050543334718 0.8507903649466487 0.2149002610179167 0.1573125967173278
1 0.156729204694062 0.7622457864544946 0.17729246466513904 0.23700390859527024
1 0.22465189504225683 0.1776889280338489 0.18052656743868073 0.2435452703117014
1 0.49518260058934016 0.13998613956254202 0.1963334053945834 0.2554187455605245
1 0.8702501100886455 0.4586066768245909 0.24048344889756956 0.2824144762572293
1 0.8914133292190968 0.6760674497598073 0.16312086189159736 0.22944278087132944
1 0.2406373049021525 0.3789929173061533 0.18052656743868065 0.2435452703117014
1 0.2944467570307634 0.7816446971690764 0.19626067021222235 0.2512520788938578
2 0.4962839735957635 0.6130703877465815 0.3916498246568753 0.5419418102628335