1 0.37550272026781306 0.8483779448397858 0.2158834924005557 0.29151687252541597
1 0.7997915926086463 0.6899571890548569 0.17921864057694456 0.24845597325565383
1 0.4930798124046875 0.15965930597269581 0.2080346248093751 0.28913044514793135
1 0.6476101903481949 0.6038991406694052 0.21730052203583342 0.2832441580009129
1 0.5565825340036807 0.39842115404157835 0.18096297853284735 0.2589332587311507
1 0.44980520393156276 0.3640907417077886 0.18790396276527796 0.29875906729980495
1 0.21194087480937518 0.28928199217000705 0.2332164627652779 0.300517012755882
1 0.8949248674942712 0.8622836987758411 0.17576502583555537 0.14006202111349023
0 0.7325598864928821 0.14813095979480456 0.13077983415618064 0.15705407565741314
0 0.3755461670780903 0.0905598713815095 0.08150587955902786 0.10725822591700898
2 0.7604524164125003 0.4042485752605915 0.26083362290951406 0.36196419917266265