1 0.1983080412953654 0.3760438560364831 0.19942038669636228 0.2947211307023013
1 0.12866879797900097 0.20827418846805953 0.16560791335136277 0.17962872002969554
1 0.6229631433004561 0.33262549877993414 0.19942038669636233 0.2947211307023013
1 0.772461514600594 0.6610307388075086 0.22140447469763486 0.3075605155951498
1 0.6128859725891399 0.7710701983343585 0.21004880402608955 0.259474156482059
1 0.42363585264163756 0.2524392178548449 0.20229084802672598 0.2656029475917559
1 0.33937738928232053 0.5063748578399971 0.2022908480267261 0.26560294759175584
1 0.23363810864895534 0.1776067209314526 0.17369313335454448 0.21099992891999855
1 0.7378245272915473 0.4219193903564181 0.23702947469763505 0.3078029333757556
2 0.39442687392586706 0.734343016072542 0.2671169640356347 0.35409686049224026
0 0.45575855665181886 0.1529240534160568 0.06638861600890866 0.0885181546785449