1 0.6050163997331699 0.36457862140293656 0.19274986859279988 0.24025268879432862
1 0.10584672927693439 0.3870924818403945 0.19615871148243724 0.3008150363192109
1 0.6555615222803025 0.6084890644686729 0.22199169961943924 0.22843729176709265
1 0.6269537722431215 0.09655200055545281 0.18748936562705049 0.19310400111090562
1 0.19838303364900897 0.723194236784073 0.18748936562705038 0.22106564621968186
1 0.4391897643716371 0.5785201824733244 0.1874893656270503 0.2210656462196816
1 0.940625 0.18020833333333333 0.115625 0.23958333333333334
1 0.7348683147893789 0.870610585419861 0.1756313527754692 0.13894156107038783
1 0.7960539407221906 0.09207612604326385 0.17629719764227278 0.1841522520865277
1 0.1396500904181794 0.042315092077000675 0.17305018083635884 0.08463018415400135
1 0.4144564308363588 0.07443252407890608 0.17891286167271764 0.14886504815781215
2 0.7825339046760857 0.3793666844245685 0.21321887749004845 0.29825085909291643