1 0.90234375 0.6239583333333333 0.1921875 0.29791666666666666
1 0.7532053075809095 0.6607359029811575 0.2650122668478481 0.34966353426690705
1 0.4145848400160978 0.8682372737110334 0.26612701659574645 0.25184383471248284
1 0.3971574033738651 0.6850251492680031 0.2612317029858776 0.33711505071078585
1 0.5197004948042199 0.044680389295577494 0.20502598960843982 0.08936077859115499
1 0.5590579257464694 0.07980615462551705 0.2087408514929388 0.1596123092510341
1 0.6312660615161819 0.1266383666189416 0.20707979852673156 0.2532767332378832
1 0.6813531788485625 0.24484497321242982 0.19148764951546743 0.2277878044769682
1 0.7254580939513703 0.3254768078718847 0.20620571337743776 0.24050598047951358
1 0.5713058255140384 0.3977168941226712 0.2234367720436282 0.30114082314872553
1 0.3920832292168796 0.18573955193085165 0.2234367720436281 0.30114082314872553
1 0.583433392982305 0.7780464363463075 0.28263680942249503 0.3582635271589069