1 0.36136460136685145 0.28827044138761065 0.23202912441111073 0.2600397212288775
1 0.49109778539161936 0.6531513748445003 0.23884505240361062 0.3164352244350932
1 0.24515242393999936 0.43996027877112254 0.22484134099925884 0.2929365449435641
1 0.7172583271448136 0.8275594052187306 0.2511892275213885 0.26716274046617106
1 0.94609375 0.4197916666666667 0.1046875 0.33125
1 0.4514442142790739 0.12156412414190075 0.24976342855814782 0.2431282482838015
1 0.2872354513195832 0.0985052732026542 0.17759590263916641 0.1970105464053084
1 0.11473148355365659 0.5661904623128302 0.17396234618305514 0.3009524087076729
1 0.11264413737060146 0.2716401946786443 0.18413842855814777 0.26611775486586875
1 0.13303667540060177 0.049841265215387835 0.16294835080120357 0.09968253043077567
1 0.43512933232860984 0.8511441120479105 0.22904082544787005 0.2619775513559953
0 0.22817139255439772 0.2767096185168871 0.0596087373233332 0.0775463061087733
0 0.39006438275245303 0.4509754646185376 0.10126855702175916 0.11894842951980185
2 0.6125552459474994 0.36643177303301816 0.37829711460916615 0.4475463590961489