1 0.7653405913743753 0.4077322910365732 0.23521537385944474 0.3237947145380557
1 0.3800798110735074 0.7271464880967587 0.23521537385944474 0.3237947145380559
1 0.5684292237831947 0.4117587130215734 0.1727504350298613 0.23440359979666686
1 0.7279464280960071 0.19106649531708253 0.2141391544446531 0.2794143429575929
1 0.37661966422829873 0.17070252761046253 0.18219817021222234 0.23886120719277795
1 0.7603686827487506 0.8393702120091658 0.14923889342673605 0.13997473809462993
1 0.552593856760695 0.9375345549667586 0.18277743882958325 0.09312485410259276
1 0.3619136521635422 0.8955094380713422 0.242262848023889 0.19075232193416697
1 0.43719218189572917 0.06634712614055535 0.16188436379145837 0.1326942522811107
1 0.620186519851632 0.0740725910598608 0.18099803970326392 0.1481451821197216
0 0.5632533741437851 0.5630428302961105 0.08325021751493064 0.11710481965518535
2 0.2833638927611461 0.4258164935421756 0.3229348858272919 0.42854500455796335