1 0.5159101064138065 0.37901001544879687 0.159051232262828 0.22543989488287058
1 0.18412798272425338 0.4550429726437039 0.2372158050572172 0.2611492441733335
1 0.39752105181801467 0.3503732563307411 0.20842947100406112 0.2789779318634262
1 0.6910672000276866 0.5987090566081952 0.2648587461424885 0.34937659599694465
1 0.8874682379660406 0.8221877144088435 0.14705188001107458 0.2354686405769447
1 0.26810725478036196 0.1248130070911114 0.14705188001107466 0.23546864057694464
1 0.11213996606681557 0.6452298196551852 0.15632675046142533 0.23367624797305572
1 0.86875 0.9760416666666667 0.19375 0.04375
1 0.5950316116555939 0.7267829536450933 0.20330188001107458 0.23721428495361133
2 0.3787953423772624 0.7398344934129634 0.37108776218161754 0.41716027735416716
0 0.70625 0.978125 0.065625 0.03958333333333333
1 0.39881583667404974 0.16631344212097263 0.19120239820967191 0.24515969731435205