1 0.4078787226999411 0.9542514536493514 0.16607128121376694 0.06337630597703713
1 0.5787492031551038 0.927115275458564 0.1698020590935542 0.09884146276527778
1 0.7551362310348908 0.886291960236388 0.18785042848861017 0.1389096973143521
1 0.280693566800284 0.6244587701381015 0.18663835697722053 0.2719520899182409
1 0.3469409648240333 0.8542531955437033 0.18794576546195146 0.2678339133731484
1 0.17001167406736858 0.8275136477972682 0.18507585697722054 0.27190359979666684
1 0.25181849408094625 0.34463922872453673 0.18663835697722053 0.27195208991824094
1 0.512038001207948 0.13387275057080997 0.18820085697722053 0.26774550114161993
1 0.6680169342384861 0.127293700355833 0.18820085697722053 0.254587400711666
1 0.7719707237872029 0.013193526343888502 0.16230855242559433 0.026387052687777003
1 0.35263105029956243 0.1168450208338656 0.22079021637033697 0.2336900416677312
0 0.5006718716417742 0.8650776735078698 0.06304187606301603 0.08721080116490754
2 0.6588980572573863 0.5222688761426844 0.38753066152884674 0.49652090450713