1 0.51171875 0.16145833333333334 0.2046875 0.25833333333333336
1 0.590625 0.35520833333333335 0.2328125 0.2875
1 0.32890625 0.19583333333333333 0.23125 0.32083333333333336
1 0.2515625 0.39166666666666666 0.2109375 0.2875
1 0.1171875 0.525 0.2046875 0.2791666666666667
1 0.90078125 0.48020833333333335 0.1953125 0.28125
1 0.67265625 0.6739583333333333 0.2171875 0.2916666666666667
1 0.5140625 0.6041666666666666 0.2234375 0.29375
1 0.74609375 0.2520833333333333 0.2234375 0.29375
1 0.20390625 0.16979166666666667 0.2234375 0.29375
1 0.0671875 0.7010416666666667 0.134375 0.21041666666666667