2 0.8 0.7666666666666667 0.3125 0.4625
1 0.7610340234657618 0.3294525231731953 0.1708570735222315 0.23207781585546314
1 0.57265625 0.9291666666666667 0.2078125 0.1375
1 0.7863995025602487 0.12426930584782496 0.14779900512049746 0.20431562082009277
1 0.36984133411616243 0.14358986499342632 0.14770799985882563 0.20223228748675942
1 0.6236187814994439 0.13066042147666737 0.1477079998588257 0.20223228748675942
1 0.6291477156579587 0.20364982332569515 0.17950403142885668 0.21570208991824097
1 0.7629899075678068 0.48139038614180635 0.19365753669052843 0.21822183434574097
1 0.31622351045275654 0.11279877925402812 0.171888952503779 0.1842581294319446
1 0.45642982345164435 0.33976437107213014 0.1438703683170294 0.150100464031852
1 0.4861698023343698 0.43118945807810233 0.16307539462538861 0.16109901215740763
1 0.3188681812453301 0.4769699465539818 0.20062016823232484 0.2704506380437965
1 0.1967124601845253 0.48462180534375027 0.13197658404557525 0.2350322294827779
1 0.2585229444700969 0.3814743021773151 0.20099959983059082 0.24341579483203724
1 0.25911156257536483 0.8236007540517595 0.17461911035393446 0.24675812943194467
1 0.506207099477655 0.7470084185643987 0.1858450366905286 0.21797938373787057
1 0.5124537683452643 0.12200928951157465 0.1999075366905286 0.21841579483203724