1 0.49633566315109456 0.3706823487699031 0.20809669236879244 0.273127964707823
1 0.22716332873782114 0.8043323203734538 0.20650691882984215 0.2709475985650153
1 0.593347436286303 0.7843296644571479 0.2194705689919978 0.3071405277074779
1 0.79453125 0.8458333333333333 0.2578125 0.30416666666666664
1 0.3354724809285718 0.6536388847510516 0.22717397483619656 0.2992923584215168
1 0.07884992857237008 0.5123373727593394 0.15769985714474016 0.29134141218534554
1 0.6338338888013654 0.5585334518845354 0.21955238960884885 0.31339052770747766
1 0.2200498526805133 0.39209772456432457 0.24339899269310408 0.3460960198495949
1 0.8735879099046837 0.46083095532939305 0.24170012499835244 0.33558232037345376
1 0.38510565706201466 0.08750877060686238 0.2079136858759707 0.13989166418396426
0 0.3516016359586963 0.1980195980126356 0.10635118587597078 0.1335845315681233
0 0.3950362159110381 0.40400706589213264 0.08902731818121908 0.12210050399723732
0 0.6068095129889388 0.41298834490925757 0.09382391233702041 0.1307249357589941
2 0.6909817357965405 0.2545409007400009 0.31269446347211094 0.39203213013313853