1 0.04578332883451272 0.5249734604814604 0.09156665766902544 0.2582802542962541
1 0.29364048837763795 0.23851330833880097 0.25864498465266034 0.3027411792135075
1 0.20017021783220618 0.5594386205823599 0.2139477912913561 0.28369761135558375
1 0.848551286093264 0.388822688514646 0.2311119805034753 0.3116298379715088
1 0.5213412811188866 0.10669025895921698 0.19169243776222694 0.16618205140632505
1 0.10272762468765004 0.24565292030386532 0.20545524937530008 0.24220072334543535
1 0.1375 0.9635416666666666 0.19375 0.06875
1 0.6779302101585364 0.44015619705757947 0.2217602912913561 0.28412205799687956
1 0.34791082343592794 0.45566277145648315 0.2607994805034755 0.3132427352084335
1 0.4816849400373119 0.2529091390606999 0.24098388797200823 0.2934740632693231
1 0.2108215300699794 0.7167497371855999 0.16437292116548727 0.2062358208360673
2 0.505069360153892 0.6825815969059384 0.48675036432629887 0.6162845718618314