1 0.7088351615867049 0.66136953241732 0.24413775956691133 0.3133807256088635
1 0.34605871377741826 0.8391241824574462 0.20987040815498564 0.2454410639567617
1 0.2409145050145649 0.06772924870202077 0.21504598997087018 0.12491082466757954
1 0.2554266682506225 0.5134605069055561 0.21666597743445787 0.27068353919208266
1 0.6750548581423503 0.45363437160097914 0.2166659774344577 0.27068353919208266
1 0.1188312533652123 0.2516941953020042 0.21555811850068465 0.2914562537165857
1 0.49385633392745554 0.3725836376345075 0.21666597743445787 0.27068353919208266
1 0.9141317300082473 0.42642040661425756 0.15733644154108078 0.27046335778986674
1 0.806019016297336 0.22101418571181355 0.18115437476889085 0.217266592064484
1 0.06176891112448653 0.5494512993752853 0.12353782224897306 0.24890259875057055
2 0.4569233205996204 0.6317879281245694 0.2642516827655918 0.3766081513148263
0 0.04473555766749668 0.6731368480688825 0.05471624373179383 0.07497770616689484
0 0.04230322796318324 0.7845951814022157 0.05990384890464333 0.09807622926005213