1 0.7010935163962468 0.2611850357233671 0.1785538203356502 0.21819652808919365
1 0.777286395645678 0.09998024664985623 0.2139477912913561 0.19996049329971247
1 0.5325803147365729 0.28371829148940686 0.19789581618646537 0.23065392687801298
1 0.2035206993845889 0.3583128923141022 0.13395171535662842 0.22576475879399163
1 0.28235332655942763 0.1547843842287878 0.19808599295103013 0.28864713819098753
1 0.6471237923402633 0.8330383912832331 0.17542882033565022 0.21785640606883494
1 0.537938969104828 0.9036161173494819 0.20004846680652086 0.104590959605756
1 0.5275664637062433 0.6657759953291229 0.17637601369695446 0.2345230727355016
1 0.24346230561301058 0.5908385218077193 0.17909919461070406 0.28243973940216827
1 0.7597035348670861 0.5870568132971262 0.18885270290907386 0.26279683314009056
0 0.7848372798927088 0.849493083397627 0.06868006763635784 0.08822250141735472
2 0.3191521576922474 0.8299544452389671 0.29387208963168215 0.30735419314526313