1 0.2609140370131027 0.2852867759678534 0.2192723465663966 0.2979638383831824
1 0.6715539764263514 0.1716210869872054 0.23998295285270288 0.2661590652789377
1 0.764674737798891 0.31633158600698 0.20528262117350254 0.29906452585495863
1 0.8746427049196175 0.5640534727848918 0.1989598465663967 0.29654446102759996
1 0.38577698821317574 0.08930439544580544 0.14655397642635143 0.13493564148907655
1 0.445004516539826 0.8031647519962781 0.22068929735218493 0.29390635459002207
1 0.3388015583104397 0.6409141233217862 0.22068929735218487 0.29390635459002207
1 0.08028262117350246 0.2903298959744518 0.14601032092583344 0.16399312528223692
1 0.47830489826180766 0.3732160877416412 0.283048056243525 0.38347197044992937
1 0.30160127294996675 0.8253570028636088 0.19830487510244393 0.27779446102759997
1 0.35625 0.90625 0.2 0.18333333333333332
1 0.61171875 0.8645833333333334 0.1984375 0.26666666666666666
1 0.9390625 0.7427083333333333 0.11875 0.20625
2 0.6525129937947469 0.5412578380803255 0.4221577138109575 0.6176433318244617