1 0.5451282950645774 0.13689938187678502 0.15588159012915473 0.2085074053967812
1 0.2465520542357774 0.21692334539348207 0.17517715940862688 0.2348175998788573
1 0.07566890439406196 0.28610863787103197 0.14397262351524956 0.23471727574206389
1 0.1953569302583094 0.40888068671734046 0.17517715940862688 0.2348175998788572
1 0.1765625 0.9385416666666667 0.175 0.11875
1 0.39140625 0.9052083333333333 0.2046875 0.18541666666666667
1 0.57109375 0.8927083333333333 0.1765625 0.21041666666666667
1 0.93203125 0.9229166666666667 0.1328125 0.15
1 0.915625 0.68125 0.165625 0.25833333333333336
1 0.8825600989046434 0.15735788255415356 0.18699519780928675 0.20444106286690797
1 0.629847939033798 0.337313966529028 0.21818301332783516 0.2752655374635283
1 0.5669340650563301 0.5284524363015889 0.218183013327835 0.2752655374635283
1 0.15842053457322908 0.6465577491326695 0.18905780298213615 0.22746691240708092
1 0.3939990187381115 0.43212191165264513 0.21501254922121243 0.2729638383831824
2 0.7088668154520414 0.7411855291701464 0.37553617524374444 0.47971545906714924