1 0.45980531353999143 0.8983313402331601 0.19129024122451135 0.12118506611963463
1 0.5141952291503176 0.14510247717174252 0.2303480442066476 0.29020495434348503
1 0.6889057241357526 0.08529927191301208 0.22843855172849495 0.17059854382602416
1 0.10064119451058137 0.1748396741321032 0.16982441818411548 0.1377249482765914
1 0.3984158017950019 0.353667688230043 0.19447272868809903 0.26701839945296785
1 0.2233058046979958 0.197784961541598 0.20921719028743926 0.2996891894949242
1 0.6270503010035791 0.7359221230770034 0.20921719028743943 0.2996891894949241
1 0.6656665201247668 0.7881465512914606 0.2001771594086268 0.24264986169383745
1 0.3597036766303997 0.7702088005408396 0.21546719028743927 0.3003206517357936
1 0.38554974043308854 0.264542411052108 0.1769669799417403 0.25069854495724353
2 0.8315368756933277 0.5458447319224055 0.25417800079142266 0.4310348929541263
2 0.645634131103604 0.4201547980420399 0.48832098324044537 0.6584077969727458