1 0.646875 0.86875 0.21875 0.25833333333333336
1 0.4719536773578493 0.7922355362254253 0.17202282467404081 0.2578571731356433
1 0.5697846201303837 0.12659071093590374 0.18230575973923263 0.20836643435739788
1 0.4398208360414218 0.4999372493539458 0.1847137394466932 0.273022519293839
1 0.3519411862863031 0.7637169961194575 0.15450804220663672 0.23205690550145733
1 0.8483736757329963 0.5220867935666376 0.20211942775829606 0.2904894535946916
1 0.8267595487027538 0.3220008103851332 0.17950804220663663 0.23322093115118225
1 0.9435749017870088 0.29617080481666486 0.1059069009729349 0.21730160580511526
1 0.7793681258124265 0.1801258015539039 0.17394778896022575 0.16633600967519216
1 0.5995697573068959 0.3593684946011677 0.17950804220663663 0.23322093115118225
1 0.6687776789794071 0.447017316741019 0.19247169236879244 0.2692196106427114
1 0.18066361891256771 0.05323085262717237 0.1917977621748646 0.09845902891248587
1 0.10161527272817143 0.17983798160666922 0.15039328652459388 0.2755886506921339
2 0.333909575488115 0.23026130380306592 0.42905584902377003 0.4488823511088826
0 0.6880423275200052 0.7668585907876362 0.0794614034085667 0.10572091348872377
0 0.9328384046296779 0.638588131737567 0.09204322402541756 0.112552926313586