1 0.42381295992520035 0.7871536027476933 0.2279180474519924 0.3033938489284831
1 0.6653372736516341 0.9149178952365397 0.15232118676785794 0.12938630224908962
1 0.8022562949061725 0.7826034463716901 0.1875530326232447 0.2090620462550286
1 0.33197821737675526 0.2114983449501184 0.20776737353571573 0.25726961425842254
1 0.2350727479856526 0.5434862596010888 0.18538303756616062 0.24026356269890764
1 0.25533480433489353 0.18738171026945236 0.1864362015966055 0.22362113781030152
1 0.4123434911027514 0.06267407118605715 0.14718801779449714 0.11473024358157455
1 0.6081972301911555 0.6618285281136917 0.19670253954332698 0.25293325514533177
1 0.7087715276431479 0.3632466721302364 0.24762305239490826 0.33493475026521013
1 0.5599679076046542 0.06600658587944987 0.21443918479069152 0.11785597337151339
1 0.7563163952101835 0.6745481636961147 0.21946887749004845 0.2824393067048466
1 0.2633821373015181 0.7169241244960582 0.19670253954332698 0.25293325514533177
2 0.4803772722059404 0.3940944934224202 0.39359608007523705 0.5121165102906635