1 0.6421116610095984 0.4224125086420829 0.24969482109634616 0.3314833992388782
1 0.522975227482466 0.1323074789845877 0.23345045496493205 0.2204725072743973
1 0.48608050894241506 0.5157522411647198 0.28667318938722847 0.38751763112724713
1 0.803230831275379 0.3376607774375569 0.22415460055371028 0.2864600593149904
1 0.6754086150516798 0.1748742991615994 0.20969158235511323 0.2773627220273244
1 0.2216000994739762 0.3143728359943425 0.21750408235511304 0.2777871686686204
1 0.2961516255352545 0.8441301831678402 0.23645434145441174 0.2829725072743974
1 0.4068411967884842 0.6828734387822053 0.1907017504614253 0.23892893941647345
1 0.46718601634367074 0.8035528986046103 0.21890589605020364 0.30695383533528686
1 0.9125 0.3302083333333333 0.171875 0.33541666666666664
1 0.24395236813399884 0.5524670612921568 0.26485874614248867 0.35516406985987764
2 0.66640625 0.71875 0.4765625 0.5583333333333333