2 0.4386538849483202 0.15927587355239187 0.35706723010335967 0.29308868601705107
2 0.2683974375415272 0.5574636771858218 0.46934119678848407 0.6828704488701862
1 0.4803827051218156 0.30111450658206723 0.2332292119047624 0.2790079760382009
1 0.6473978292727941 0.16586321256728423 0.208389898209672 0.2487500353249171
1 0.7518047270210408 0.16028452750728678 0.15837130937615385 0.14872357216812399
1 0.523174575110741 0.5348744368892866 0.1759383436138801 0.2222950032627609
1 0.4856454942967874 0.5988989016209149 0.1759383436138801 0.22229500326276105
1 0.6706410579918779 0.5782805483194156 0.1759383436138801 0.2222950032627609
1 0.641936264654853 0.6541998560030239 0.1759383436138801 0.2222950032627608
1 0.618669942940198 0.7147124184959559 0.1759383436138801 0.2222950032627608
1 0.69140625 0.946875 0.1484375 0.10208333333333333
1 0.7539368144702828 0.7512865171012224 0.1613542119047624 0.2756614022952417
1 0.8320885001568836 0.5262898360348581 0.11952765730897061 0.2487698606144388
1 0.8883034315245475 0.1875200019141072 0.13223031153562204 0.09138229812150692
1 0.56015625 0.8614583333333333 0.2296875 0.27291666666666664