2 0.32431473166311064 0.1569988490374916 0.2603628994008752 0.2687052280731898
1 0.28923861680998236 0.3192512886393745 0.26106427212991123 0.3309138663567585
1 0.5064896318128917 0.23579320449848687 0.2180478536432407 0.2626885115680341
1 0.5279662769617032 0.33417595285059404 0.2180478536432407 0.262688511568034
1 0.624091719994181 0.265614949722876 0.17981453000581898 0.2218378518290742
1 0.3559167074071675 0.6418470691745685 0.22895340273485507 0.28856259671732803
1 0.20588527225059744 0.8080481394600426 0.19614090273485507 0.28550329869479946
1 0.22421875 0.8645833333333334 0.1984375 0.26666666666666666
1 0.4532225289185572 0.7850138604374579 0.22452099425012412 0.2922922208093477
1 0.56796875 0.8802083333333334 0.2265625 0.23541666666666666
1 0.5111940098327618 0.6081342861839274 0.24087931788754577 0.3311033485332885
1 0.29375 0.9552083333333333 0.20625 0.08541666666666667
1 0.7853486001400829 0.48074385831814614 0.21951450091808394 0.33739714985160274
1 0.5140625 0.9385416666666667 0.196875 0.11875
1 0.4484375 0.940625 0.20625 0.11458333333333333
1 0.3625 0.95 0.2125 0.09583333333333334
1 0.8290517052811357 0.8577686281256445 0.23660666394474256 0.21056137691638643
1 0.7787805093737198 0.7933676385172047 0.269769592433353 0.34622560398117014
0 0.6807569528652395 0.5464202833923448 0.09958515394280312 0.12942850396805644
0 0.7196921649835127 0.6548116949472652 0.09958515394280312 0.12942850396805644
0 0.7553739287784744 0.4056638794374019 0.09958515394280312 0.12942850396805644
1 0.5750968842287878 0.5397118254627886 0.24180408909937318 0.32083236272483756