0 0.49905292897611186 0.2375874648223106 0.09088982710967279 0.14165612229355914
2 0.7869404870110612 0.3932005416595269 0.16779897483619663 0.2892349621197142
1 0.3610791907439394 0.5561532754296693 0.19872169236879253 0.2649622564917233
1 0.2949869918823252 0.16098505140425165 0.19872169236879247 0.26496225649172334
1 0.3372096737011061 0.045336596858397686 0.1837943474022122 0.07925467207625304
1 0.5883824358759707 0.14073828516780354 0.2017648717519414 0.2587849859289243
1 0.8436017698855025 0.18729073429967744 0.1934069009729348 0.21693649566925532
1 0.591415527189103 0.4917435871158698 0.19872169236879245 0.2649622564917234
0 0.7076620900953163 0.4225959410109038 0.05887616801906326 0.08259549458821666
1 0.590625 0.9385416666666667 0.190625 0.11875
1 0.4265625 0.8729166666666667 0.203125 0.25
1 0.5632843932590017 0.7889147770512271 0.19872169236879245 0.2649622564917233
1 0.7498219111159091 0.8390755118980144 0.19872169236879245 0.2649622564917233
1 0.7459565714243347 0.8421096001015133 0.19872169236879245 0.2649622564917233
1 0.23969688879477474 0.7699289469676 0.19872169236879247 0.2649622564917233
1 0.3637273092527653 0.10218661471530517 0.1993296185055306 0.1920819545436571
1 0.74921875 0.9375 0.1796875 0.12083333333333333
1 0.35606400283607853 0.9486252380920998 0.17466480925276534 0.09778648376465024
1 0.15634464650541252 0.8460902521631755 0.1679432508107789 0.1809379935049814
1 0.18401785876300267 0.6332576975092176 0.17997169236879254 0.2645258798685179
0 0.30028160713814955 0.9233759572484502 0.06359094155801355 0.08478792207735139