2 0.687607521666414 0.4910916113250456 0.3284442043294808 0.4413844354089818
0 0.8025154250608185 0.293801832450138 0.07854315651766228 0.09825783941203715
0 0.8461517955723232 0.3184857757127305 0.07854315651766228 0.09825783941203715
0 0.3653522892276115 0.05115331155166626 0.0706579336450254 0.08134872213750007
1 0.8326695159108773 0.7230161182912027 0.22617265632127054 0.27573257750666685
1 0.09430399102300956 0.24810801431143506 0.1886079820460191 0.2996173047104632
1 0.412720109393215 0.8318690492671755 0.24039878278470378 0.31366898860083364
1 0.25653828708631216 0.8210930614245829 0.20403403590796182 0.21463704913796325
1 0.4235637232654204 0.31597735359851803 0.20416130093507637 0.2438037158046298
1 0.5341426749626226 0.2156838000275457 0.20416130093507637 0.24380371580462987
1 0.641889979806524 0.7643485797899067 0.20416130093507637 0.24380371580462992
1 0.5507655309379921 0.7026019185686568 0.21993174668035032 0.277621950353704
1 0.15138717877325164 0.9305918995700462 0.18648292154477705 0.13077032446731493
1 0.16262972668326597 0.6813183804464813 0.24496810811666875 0.28673112563222247
1 0.11792628074160036 0.5431412606387962 0.20883062021691717 0.23978251950268542
1 0.31052739207972296 0.4423853090185182 0.2120101623713949 0.2523794997458336
1 0.6972148467037915 0.2585332489897214 0.22924311416679294 0.26332955774981504
1 0.814321054352922 0.10892987943407367 0.23073289129415606 0.21785975886814735