1 0.6225198561845158 0.08194364532123562 0.16433528763096844 0.15537871454394903
1 0.4070316139781859 0.15217632044751803 0.23739001139996638 0.29755444131907427
1 0.500191388115501 0.07474218773756895 0.24961722376899792 0.14354534087645435
1 0.3137361739817586 0.6047619591421274 0.24149835719292198 0.3163286822766198
1 0.30248123575004204 0.3722884852938683 0.2037034262506726 0.2806332445981783
1 0.49200827547469733 0.43941036442231207 0.26664046882531944 0.28945139708242457
1 0.47194751172894256 0.6132838544042356 0.23739001139996638 0.2975544413190742
1 0.2140154073860121 0.8520059392369023 0.1905371547112475 0.17848930887098077
1 0.4265625 0.9510416666666667 0.1875 0.09375
1 0.20819564020918796 0.2923582284645138 0.19643722946898112 0.2909893088709809
1 0.5572012227605918 0.2544239747520806 0.21940483590559853 0.31199232890713374
1 0.7834741456570696 0.24680038393475365 0.2267038836760255 0.27248171844643737
1 0.35138400343106924 0.7363573927871527 0.18756497402109948 0.24094082695588953
1 0.61171875 0.975 0.1546875 0.04583333333333333
1 0.16269248005005885 0.5191809715042315 0.2560307507563046 0.29561655373101486
0 0.54765625 0.96875 0.0953125 0.058333333333333334
2 0.6874468255909129 0.6024504202354989 0.4381869589379622 0.5823301116263735