1 0.7280395129424181 0.24100430804724746 0.23525277346576184 0.32520786140027147
1 0.6712559758283665 0.628529093158605 0.21348418927901225 0.29013894920634986
1 0.6178565019955513 0.8422026691399022 0.23272003669052843 0.2315913674664704
1 0.4852421520943734 0.7144749938353621 0.26107182082080843 0.346093958459457
1 0.41567747888272544 0.07620634485049775 0.15635495776545089 0.1524126897009955
1 0.2977351758424839 0.6405786232804224 0.19042612087727823 0.26118653094622934
1 0.394307067978211 0.589459407776546 0.19042612087727823 0.26118653094622934
1 0.08862840244730928 0.2517247830564781 0.15517188936371681 0.16684974295558064
0 0.7030380548946186 0.45852477483696086 0.07918624203690498 0.10224162451088989
0 0.6894236049510883 0.3802258976005883 0.07918624203690498 0.10224162451088989
0 0.7641953627730089 0.47630145795496237 0.08772678413027997 0.11957582150855212