1 0.1904752696625483 0.43645833333333334 0.19879651583511762 0.23125
1 0.2819329954476535 0.3625 0.19879651583511757 0.23125
1 0.2968997997499379 0.7864583333333334 0.19879651583511765 0.23125
1 0.09112379051223084 0.6604166666666667 0.18224758102446167 0.26666666666666666
1 0.15365591660126987 0.6916666666666667 0.18339883636823098 0.24166666666666667
1 0.6204235309453194 0.5677083333333334 0.19879651583511765 0.23125
1 0.5060788522698556 0.15104166666666666 0.19879651583511765 0.23125
1 0.1098116060307793 0.19479166666666667 0.19727947994174028 0.23333333333333334
1 0.5043342150310595 0.8395833333333333 0.19879651583511765 0.23125
1 0.8264448957515873 0.8645833333333334 0.19879651583511765 0.23125
1 0.8915496878466638 0.315625 0.19879651583511765 0.23125
1 0.7305978159807669 0.35208333333333336 0.19879651583511765 0.23125
1 0.8706952817367423 0.16145833333333334 0.1533021594086268 0.22291666666666668
1 0.7843436269469689 0.6458333333333334 0.2531035826073074 0.28541666666666665
1 0.3391019524281402 0.06979166666666667 0.16867109514371964 0.13958333333333334
2 0.718024922802969 0.140625 0.20522837226160834 0.23958333333333334
0 0.3674623523363626 0.775 0.06092077962517113 0.07083333333333333