2 0.39701572727512385 0.4979724766817827 0.28300696347211085 0.39451524877011884
1 0.765302077112968 0.5620254656878579 0.19644217207625303 0.3399248629141833
1 0.5843032674531656 0.4092869782003828 0.2066160129856435 0.28244091202312055
1 0.6184266716725112 0.1324864483371842 0.20377165665497757 0.18440290500755804
1 0.521678356737703 0.1750240168800926 0.2066160129856435 0.2824409120231205
1 0.41152606087761845 0.22590519245738666 0.2066160129856435 0.2824409120231205
1 0.3721283701303837 0.1290003433860959 0.17591939204448098 0.203052112060767
1 0.28835734212720643 0.13605030138683732 0.17597393912238157 0.20721877872743366
1 0.21283914488715 0.16980929797317232 0.1779728157455871 0.2406734524096628
1 0.2749903173704401 0.08183323824677516 0.16674321509696394 0.09827874364962134
1 0.80703125 0.8760416666666667 0.1953125 0.24375
1 0.7545863141240293 0.18581206219889992 0.2033273717519414 0.2696982313253289
0 0.8053072885564841 0.3138352972202425 0.09823867694751698 0.11168976829820625
0 0.20063778490633136 0.7434036102598183 0.06060230925276526 0.09836093325804048
1 0.6197520235422456 0.6883621535894444 0.1889103157455871 0.24152283485193352
1 0.578125 0.9625 0.18125 0.07083333333333333
1 0.20625 0.965625 0.121875 0.06458333333333334
1 0.1958081887219351 0.8733692628953601 0.124520533278183 0.2115478805472056