1 0.3246855543814982 0.6043144658494453 0.2063356989237614 0.29379910750888844
1 0.458150755995856 0.18084013521777895 0.16225605913900912 0.2347112035188885
1 0.7977506809316842 0.7405324532192612 0.1900899607105858 0.2296586950677773
1 0.41590352150222476 0.835279259251791 0.20353603060296183 0.2582001727932095
1 0.2716569077723204 0.7255505829717291 0.19830487510244393 0.2866377672638265
1 0.34746150496239875 0.08630392551037068 0.206622489246633 0.17260785102074136
1 0.22550092183545628 0.1901986071627783 0.2702184164587728 0.34067316280271537
1 0.7300556811410812 0.06227051385444527 0.16636136228216233 0.12454102770889054
1 0.5828898143062957 0.7875604439829644 0.1893665227450791 0.2980441589697527
1 0.9140049195591446 0.587865012754138 0.12624578453190338 0.22843570505827132
2 0.6819457826698765 0.4120282784785819 0.36354038502724145 0.5175468402140733
0 0.24679168672265242 0.5077638648441981 0.06421235731976357 0.1008584539114814