1 0.51970506735359 0.17081752101541228 0.16328289202736243 0.27749360081069646
1 0.6236402313812706 0.437174714678565 0.16328289202736243 0.27749360081069646
1 0.7502594647517233 0.7950517910794226 0.16328289202736243 0.27749360081069624
1 0.6104798967615865 0.8995668306227493 0.15583292401336307 0.13965404349765956
1 0.3217804760900413 0.8673122450199031 0.1579772266868172 0.20640559949258563
1 0.23733165607095125 0.6843113794176401 0.15189085868872623 0.22481604217954895
1 0.29990109735040826 0.1514944716358283 0.16313744135899882 0.26082693414402974
1 0.6950981553946336 0.5646046949069015 0.1881738040260897 0.26635183006284346
1 0.4696543547501325 0.7946644255019468 0.1881738040260897 0.26635183006284346
1 0.30136524204327075 0.40882858296662455 0.18166926535645347 0.23684560608314012
1 0.16632081675681404 0.876800399848359 0.13880905601527202 0.15747026088680846
1 0.8594573633434086 0.05626599797325892 0.10881247334499947 0.11253199594651785
2 0.48965667739495167 0.5788926415729849 0.21644425469445333 0.2845465046381756