1 0.5804856273748263 0.13827267632582949 0.23902874525034737 0.19724274932939664
1 0.45373541052548577 0.5416011289282654 0.19876872758291686 0.3040547522086878
1 0.5416926182567707 0.3436021231696832 0.22536759517409735 0.3084076886674057
1 0.30162935628892334 0.4253257814076546 0.23993924145062512 0.3387759099298641
1 0.13918260125493026 0.49803298992248113 0.2146119331300002 0.31788981287067875
1 0.8896521138883676 0.7593246668635445 0.19800500816812522 0.26030475220868776
1 0.7714813825057286 0.8952785512981447 0.15091049620027802 0.15434974295558088
1 0.44296875 0.9864583333333333 0.1796875 0.022916666666666665
1 0.33203125 0.946875 0.1859375 0.10208333333333333
1 0.2522228894395828 0.8352627842869457 0.18441528685347244 0.2861865309462293
1 0.18271831497013874 0.24512064157745847 0.19277199430041678 0.22865423401009047
1 0.6112966034391317 0.3453764764488762 0.22867443313000013 0.31909136746647065
1 0.7665438818401386 0.5954524285345173 0.19847778685347245 0.2873880855420211
1 0.3638513736720134 0.805158381653748 0.26704725531833357 0.3722955130552487
0 0.7462339946816664 0.4142831708748641 0.11039459897381967 0.15712858523440426
0 0.3454202963527777 0.11297168002953238 0.11787979065319458 0.13904611556539972
2 0.61015625 0.7625 0.4234375 0.4708333333333333