1 0.7835012013049104 0.3463202179648114 0.22465674403245295 0.3377078614002715
1 0.29706371463241066 0.36209149804355956 0.18503062269254428 0.2697868764119607
1 0.5319852493236823 0.140317235240558 0.1954045013526354 0.2061380855420211
1 0.4927483846276382 0.42572150935154596 0.21021243602799872 0.2927563068044796
1 0.8414842346037755 0.6900686212132427 0.20370789735836245 0.2630556158730165
1 0.6560279926002759 0.70862315236865 0.20190904002227156 0.23583877647348406
1 0.6913671506206385 0.5114935327919305 0.19115335335772626 0.2557375673434239
1 0.13270976595322942 0.4710567807924208 0.19778516136218052 0.30002159160822023
1 0.9243796452896383 0.508469269988929 0.14309766136218052 0.29534887929125186
1 0.45415969398472794 0.18891701829703617 0.24168061203054408 0.3204264281284615
1 0.32578125 0.8916666666666667 0.2328125 0.2125
2 0.3617876439370029 0.6501239255567872 0.39517033338636126 0.5542098498831071