1 0.2698841283097341 0.8190135763760701 0.21881312818904783 0.26728561267369455
1 0.23023092331846257 0.5128219261857897 0.2297186772806623 0.2927949486432496
1 0.18300562376780619 0.699149380735751 0.19186799091614426 0.25959249409328844
1 0.39392714831361336 0.6752317660848901 0.25025431788754576 0.32298028724902655
1 0.3805816096829806 0.4735074400011667 0.2679200500096983 0.35716251386495185
1 0.8382343551410527 0.32405931346252037 0.22917654334173854 0.3093767259816571
1 0.9067769321124542 0.26011973967309737 0.15653652667183912 0.19122804086143788
1 0.6987889599922413 0.2361206876572916 0.26323255000969825 0.3569078458801742
1 0.5680168053005323 0.07563848877127 0.2077163893989354 0.15127697754254
1 0.09631772870358374 0.7115768517620985 0.19263545740716748 0.2376944993657318
1 0.5133139745361088 0.3022602943994871 0.2576841806146422 0.3171547338903225
2 0.5870235730092018 0.7135364887216953 0.46811098183228844 0.5237690119125727
0 0.12965709634706105 0.578501731204526 0.07436201333591956 0.0954017971100709