2 0.6212056840173403 0.26137903988970207 0.2570213576525113 0.3433408089327253
1 0.4661247999152954 0.11585310752175912 0.18537459983059076 0.23170621504351824
1 0.42866738645053226 0.5426797128156396 0.20919153142885674 0.21351961425842259
1 0.42052168650700195 0.46358577148315483 0.204155420933748 0.16972113070230133
1 0.3846150076101591 0.39326151548909394 0.20415542093374794 0.16972113070230133
1 0.35720336817585513 0.3384410506047301 0.20415542093374786 0.16972113070230135
1 0.35217496295653555 0.2770190799384877 0.20415542093374794 0.16972113070230144
1 0.46649142307047364 0.853762298589034 0.1840851156156063 0.24644083736472594
1 0.4877679126177171 0.7502373092510342 0.1840851156156063 0.24644083736472594
1 0.3353702256871921 0.8766440621684874 0.18253802616718495 0.2110241706980593
1 0.7544457203549332 0.9670828700933999 0.1626665999717652 0.04208023647357446
1 0.6908250231834131 0.6918411821027328 0.2003471524473092 0.2612665884786651
1 0.823494039039016 0.5970116931890975 0.1675346524473092 0.2607575111393928
1 0.22972862848743728 0.64166447729685 0.19887565770898114 0.26332568003393775
1 0.22248746295653551 0.2790311475175169 0.16533511561560632 0.2461499360279987
1 0.7872185499152954 0.10661699008067319 0.19127598933548207 0.1965862880330894
1 0.8306254576242764 0.3665367002970977 0.15910052616718495 0.21066054402715031