1 0.6415600836574148 0.5837555271083471 0.23663693756361362 0.34271569093878657
1 0.6463021473597456 0.585474839394993 0.23663693756361362 0.34271569093878657
1 0.5260243968115914 0.8651557444966673 0.2127232332097769 0.2036382664031412
1 0.45590532585286647 0.6388806988013952 0.2149603450053421 0.2890549330698079
1 0.6395188901033515 0.3563688429027743 0.24357641832631974 0.3099890593499322
1 0.6445808684189871 0.13120251962220358 0.2672867368379741 0.26240503924440717
1 0.34378232648583856 0.8114622214607988 0.26783237386128267 0.34305916458336916
1 0.1786384430059091 0.4840129230170453 0.23458336424263582 0.3238443505898909
1 0.06767366115474369 0.4915864211219804 0.11614089908902611 0.2668271577560392
1 0.8339881088003402 0.10634537940507048 0.2242262176006804 0.21269075881014096
2 0.37148565271722317 0.3707932105609902 0.6335963054344463 0.7415864211219804