1 0.8779210843161147 0.7130117109590979 0.19396779333095146 0.30484689603224097
1 0.4090121832111634 0.9110668159346696 0.20227233020561536 0.16550598047951345
1 0.6279753506597595 0.8670116043390957 0.2142367346647614 0.24479385603648324
1 0.19315831822457127 0.6715099137492134 0.21423673466476126 0.24479385603648324
1 0.6307740246415181 0.2643949518884294 0.2142367346647612 0.24479385603648318
1 0.731878066711962 0.08159785683218443 0.21063113342392406 0.16319571366436886
1 0.4100301998837844 0.1552281963717609 0.20115758045771695 0.26332568003393786
1 0.8419682507563045 0.2809260994059463 0.1903950430788499 0.20695447114363483
1 0.7119300975576663 0.6936942185444904 0.19893951659574646 0.2508014382558772
1 0.7490591209386769 0.4773177234246121 0.25581222946898113 0.29331656715466464
1 0.16246143119435102 0.13092127641630433 0.1945362398605414 0.19661052981115
1 0.09733808381191156 0.5291295742096369 0.15162747402109952 0.2417408515807261
2 0.46339477254783124 0.486962302143034 0.39064568739853733 0.48275590939951213
0 0.9389128506597595 0.8621874905050377 0.07021394703379294 0.08851815467854489