1 0.2897026240513391 0.7848378624338612 0.2135925937808671 0.28362193707395184
1 0.7344958284103054 0.6328060775316818 0.17540550954776962 0.24096796421803923
1 0.5124981547692404 0.11927642196382356 0.20312869046151913 0.2385528439276471
1 0.5964881881632123 0.5440469689553319 0.21456309793005204 0.2733387764734841
1 0.5375303531049221 0.3365798283007241 0.17767840456874778 0.2536014702842383
1 0.4369509352634271 0.30059956200319765 0.1830529888018452 0.2934518157499698
1 0.21204694626108922 0.2223750401008975 0.2311352912913561 0.29134050380214177
1 0.8031605501912038 0.8062723545219609 0.1798310551888033 0.12731917334809945
0 0.7506134614079362 0.08928271849390658 0.12980774440092252 0.14999680649686276
0 0.40431972448019077 0.03938786448874059 0.08056476099766208 0.07877572897748118
2 0.7391753634778843 0.3452657063615084 0.2564438672260838 0.3536262553955957