1 0.70067601284854 0.6984748072877797 0.23485228714217107 0.30885086019506125
1 0.5532942952168265 0.5470010795468533 0.25895356058738805 0.37788701149888837
1 0.492029521571117 0.24578894935530995 0.26702616971559473 0.3560639531262957
1 0.22249089064807864 0.823584826829692 0.2771581863123343 0.3158554308517277
1 0.4627723485315299 0.815216079923952 0.21084610207923685 0.26879910750888836
1 0.9341415535151961 0.5232698748966692 0.06939230788809567 0.23781164976444438
1 0.3488911377482936 0.5522193279919763 0.2603025730349426 0.347001547596913
1 0.8293780014498925 0.08619697411200712 0.21468149710021506 0.17239394822401424
1 0.7623214786293756 0.03396324580543293 0.24098204274124874 0.06792649161086586
1 0.4064140981305446 0.1018774562360498 0.19029680373891084 0.2037549124720996
1 0.9010376686666877 0.19083418787191592 0.1772765854824975 0.3062736090482712
1 0.03198186057809925 0.4410943640590125 0.0639637211561985 0.2928112718819751
1 0.08475472291844097 0.8437910818094447 0.16950944583688193 0.2515601382345674
1 0.5417853423077525 0.790477677473335 0.21023079544054113 0.28528350612654285
2 0.7838707116084288 0.43628834646457 0.3220222456503226 0.42249546541036964