1 0.17268728109780598 0.7187705481589393 0.2065006443196873 0.27738952705452247
1 0.6537080521330279 0.6363299756436802 0.22815712303236388 0.27373196644826214
1 0.8259661923422158 0.35006874187573456 0.2329538836760256 0.2759243939373968
1 0.89921875 0.5604166666666667 0.1984375 0.30416666666666664
1 0.6099809234006809 0.21915420291660717 0.24196825075630457 0.29902288419706574
1 0.20433149296263453 0.36993421915415375 0.20551729852673173 0.25863952705452237
1 0.5109375 0.9197916666666667 0.20625 0.15625
1 0.8225615949597763 0.7463800887374277 0.2055172985267318 0.2586395270545225
1 0.343481838251387 0.19630553408786344 0.20551729852673173 0.2586395270545225
1 0.6404925041104994 0.5777602716394438 0.22815712303236388 0.27373196644826214
1 0.21051506302879117 0.7258933014053501 0.20650064431968734 0.27738952705452247
2 0.42619505732880797 0.5831767894985482 0.52743512923655 0.6240276157963438
0 0.3807779225675017 0.9223290183952298 0.09863387797604242 0.1250621850640935