1 0.529772933243186 0.8729072034681108 0.19258858402290818 0.2294364956692552
1 0.18482460725654898 0.7497119886381112 0.19104426535645352 0.23148346428398814
1 0.6890801339910914 0.08059070346591388 0.19371473201781733 0.16118140693182775
1 0.4255046985996394 0.6482966709996082 0.2273090293602714 0.2698198528117987
1 0.34369052991727655 0.8043361206741982 0.18622949602163538 0.21679103679485365
1 0.3943985072406407 0.90105275162705 0.19683973201781732 0.17954558982505658
1 0.6578263025939124 0.6991283279281407 0.19104426535645355 0.23148346428398814
1 0.6690916139401846 0.5718086239239045 0.1866476666931806 0.2647077034615203
1 0.2097273466343197 0.31276273160367174 0.2101760733609078 0.2756698409071936
1 0.2223738919875915 0.11667484524013517 0.18746473201781735 0.17932740151345392
1 0.38742672732336414 0.09412300865929255 0.2157533640197264 0.1882460173185851
1 0.06417903664068302 0.625537832792814 0.12835807328136603 0.23642433441437186
1 0.8301227573201825 0.11105504302290777 0.16286472135581712 0.22211008604581553
1 0.8199824992839113 0.4662342776049275 0.1917351560311804 0.3106501309506548
0 0.5262165073201824 0.11689357413901368 0.06173747867599957 0.09308489069208434
2 0.4404682692950471 0.36571408658413795 0.36960671204645235 0.4647593441525061