2 0.6783229043763631 0.7290419781961387 0.23254992134838517 0.31767556446413275
1 0.5220830364971369 0.3551411988433634 0.20112720452587246 0.2754221098068174
1 0.49747690447455895 0.8000803608834766 0.20112720452587265 0.27542210980681764
1 0.3567893137226959 0.44418130885935897 0.1666158491396783 0.24123497635043734
1 0.19216827752014654 0.37905475220868773 0.1666158491396783 0.24123497635043734
1 0.24238190095851753 0.3343686129937255 0.1666158491396783 0.24123497635043736
1 0.3313222019917898 0.19087003906730762 0.22619083703943002 0.2921415401993363
1 0.6012932926454571 0.4713250082195172 0.17751698770335977 0.23383618548049773
1 0.7173324248644267 0.20717937075181742 0.23249537919390767 0.3051755644641327
1 0.88359375 0.8802083333333334 0.1984375 0.23541666666666666
1 0.69921875 0.8927083333333333 0.1765625 0.21041666666666667
1 0.3375 0.9291666666666667 0.2 0.1375
1 0.12731894057891247 0.7330227565276244 0.19786584913967836 0.24390509767441937
1 0.10363652176460991 0.6080367458348718 0.19786584913967836 0.24390509767441937
1 0.07496766286237422 0.49918337754398945 0.14993532572474844 0.2525334217546456
1 0.23105247375639976 0.7814842432631974 0.17446471057599683 0.2502358400147661
1 0.3222314647794093 0.8413776814691779 0.17446471057599683 0.2502358400147661
1 0.2868939284786641 0.7008070419465987 0.17446471057599683 0.2502358400147661
1 0.28008993745565447 0.6481229313153695 0.19013516237139488 0.26198756734342366
1 0.31764902478967205 0.6377854102374811 0.1901351623713948 0.2619875673434237
1 0.3741671903825207 0.5811332952873152 0.19013516237139488 0.2619875673434237
1 0.8040961057789776 0.3834057104589667 0.21988629488495226 0.2791075159345399
1 0.1360097019917898 0.1741817807924208 0.21647949375348405 0.2142571704688084
1 0.8668557018935938 0.1501375334071643 0.17253859621281223 0.16676900061523375
0 0.8354450579671593 0.7216260045158144 0.07234769867214012 0.11447461237849173