1 0.4328092339480902 0.2544749464783542 0.2191903303564585 0.30870805367036797
1 0.6751077963527777 0.13060951756157674 0.15370818787965276 0.13350740539678124
1 0.8112251746775346 0.26423053520022083 0.1848140239356944 0.21683187999340164
1 0.3359621098043051 0.8286236303320859 0.2027652433504862 0.2617828916019713
1 0.2416718216196525 0.494552593094347 0.1774743026210418 0.2433692989592032
1 0.25890864732336755 0.8513986695302755 0.1786731267092362 0.22264514849937644
1 0.41484375 0.9604166666666667 0.1453125 0.075
1 0.6159470826375693 0.383038116988855 0.19019250816812522 0.25674276194725393
1 0.713962436076701 0.6829525199736065 0.23852221181534733 0.34335158148577744
1 0.565625 0.9583333333333334 0.2125 0.07916666666666666
1 0.7639670085493748 0.3725225652018704 0.2125766544446531 0.28743798884300936
1 0.2712891992788192 0.32140870194395477 0.19019250816812514 0.25674276194725393
2 0.48616474439732593 0.6482618204416816 0.38053048670097245 0.5218188572278412