1 0.6592733630904084 0.14363226775125257 0.17834762351524952 0.22634537314378342
1 0.4680095170887588 0.22026038862280886 0.20848976458147633 0.24740899557380042
1 0.2863479916202228 0.30737789903366874 0.140211126022532 0.19688781498656904
1 0.28510843738444536 0.10740213999121441 0.16691001834240007 0.20334386312570701
1 0.19396060015828456 0.08274081888905731 0.12229620031656911 0.1634211563867346
1 0.09662025039571141 0.2038401082475966 0.15679087226160832 0.24075901977429717
1 0.7532867536944167 0.5859534402716517 0.17420569279472176 0.25130901170746495
1 0.92578125 0.275 0.1453125 0.25416666666666665
1 0.9062178739109609 0.4350821548156008 0.17701244404836275 0.23674991933167722
1 0.7384249686589692 0.3702496571596284 0.1861146594086268 0.22432264220431422
1 0.8088989415410806 0.2708132594225647 0.1586883413827959 0.18453326073184292
1 0.660983244918928 0.6873034846392293 0.17420569279472176 0.25130901170746495
1 0.40179376451496934 0.8727611839660085 0.18978522868809905 0.24934688316186
1 0.0952134924116456 0.7120764777507473 0.1651489415410805 0.26581962216816135
1 0.76640625 0.875 0.2203125 0.24583333333333332
2 0.42413881129540637 0.5365331397293588 0.36476381129540647 0.5360725615359916