1 0.6525305497035339 0.47477142843555253 0.25287988922254245 0.37422682378211175
1 0.4765625 0.9541666666666667 0.1875 0.0875
1 0.29908411519208333 0.8619743841802286 0.2123165314288568 0.2293551782347007
1 0.12112644418774823 0.7779497947267429 0.16078485253201386 0.15400573829668243
1 0.3310636153332577 0.6678454198271687 0.21412122611071513 0.30629283070981844
1 0.46561219155691236 0.8090307572966263 0.21054119980235592 0.29558480232672035
1 0.4610024733387049 0.5253841615877045 0.2509841892790122 0.29520583797366057
1 0.8019753548099139 0.7076015319125196 0.22009821032569973 0.30062555414268105
1 0.6546875 0.925 0.24375 0.14583333333333334
1 0.6706001973126943 0.14033072645808115 0.185784852532014 0.1563366320281327
1 0.5162088289250777 0.07925184278205559 0.18241765785015537 0.07925329869479937
1 0.7907670260965978 0.3797678936289509 0.23608723137238705 0.3104156960581708
1 0.614877173211648 0.7171303218308674 0.23608723137238705 0.31041569605817093
2 0.2280079628153612 0.4995110470469065 0.3422293575113371 0.567218895075992