2 0.3407457623473601 0.7099313482235358 0.35140242393999943 0.4699887587517423
1 0.35320964024532353 0.3619147766770266 0.22499716588148094 0.34594759856501534
1 0.1968707488222215 0.48981155500518 0.15574002648462928 0.26280258670989504
1 0.2154759029219903 0.2951625654823571 0.20730252648462927 0.2660046694225528
1 0.4172647039114813 0.09824192114798777 0.18452940782296262 0.19648384229597554
1 0.498022437182314 0.5485071709431 0.18378711404351816 0.23964621008991008
1 0.531527295759212 0.6646144629201044 0.18378711404351816 0.23964621008991002
1 0.5405010460420359 0.7655105803725595 0.18378711404351833 0.23964621008991002
1 0.5204127214426377 0.8180077391813432 0.18378711404351816 0.23964621008991002
1 0.5114081598027301 0.8959643677999468 0.1768932736099071 0.15829917728043577
1 0.7751972577292117 0.8753991563320936 0.14765554147037036 0.0921633189955107
1 0.8502309032048142 0.3571970427402842 0.13255680471268505 0.2177911601867269
1 0.6192139319985177 0.5305219451374241 0.19134533581546265 0.2836873085183336
1 0.6982986733743515 0.20556184533105765 0.16761530989648107 0.23034254866183204
1 0.6504777450990277 0.07417793879407622 0.2415804901980554 0.14835587758815244
1 0.2217273199812498 0.12742853791147118 0.219021985014259 0.18373869699343867
1 0.12445177879370346 0.15124993824169655 0.15140525805851834 0.1255936851383185
1 0.5054064187562031 0.409988326443618 0.18378711404351833 0.23964621008991013
1 0.607359898021018 0.3618204615421614 0.18378711404351816 0.23964621008991013