1 0.21828767268076432 0.6879834301353206 0.22427787385944464 0.3183635336948619
1 0.2589639580156253 0.4668046631569618 0.21911759517409743 0.2912438389252102
1 0.5084606906325353 0.838878262041121 0.22558580072118078 0.3037923208403015
1 0.6711314240119445 0.08647304151251174 0.15563436379145834 0.14493780691973673
1 0.3933006307932988 0.3292857879310064 0.20650849240055572 0.2848968750950276
1 0.4015482354667016 0.2646297317250361 0.18419708130638912 0.2597271883922081
1 0.41090243882958344 0.086263711165172 0.18430487765916684 0.172527422330344
1 0.3892028507767714 0.9002282055732952 0.21580945079743064 0.1912317184464373
1 0.6495591225282645 0.9096684791909534 0.22322190729444458 0.16837565417363484
1 0.7664108224726738 0.30763899350430157 0.19520731648875014 0.26397869841028443
1 0.896875 0.2677083333333333 0.203125 0.23541666666666666
1 0.37609886626000033 0.5971638079671593 0.22100740349472242 0.31000595940398296
1 0.7572761310776392 0.5900397444799237 0.21926306553881963 0.2995771722585435
2 0.5504429431979864 0.46871086053249683 0.29281097473312523 0.39596804761542675
0 0.29550674895316026 0.8592827073936115 0.08328658510611113 0.11729693156285351