1 0.61953125 0.940625 0.1640625 0.11458333333333333
1 0.7218783518555222 0.7147712566036662 0.2403685813333123 0.322235391122318
1 0.73359375 0.8760416666666667 0.2546875 0.24375
1 0.5225933599533994 0.3346276846734632 0.24455917386477957 0.34132551314267684
1 0.6648857584988624 0.47274351114559404 0.2064904888018452 0.29991410990855105
1 0.4965124215664726 0.6137306214406306 0.2695824846526603 0.31713321698239294
1 0.408848323435928 0.4826085969914447 0.24036858133331246 0.322235391122318
1 0.44650722448019076 0.1104359042649949 0.19136055103961844 0.14298386586783357
1 0.22255931638695808 0.19192072667830465 0.18975142946385704 0.1966403495039621
1 0.7764986873380195 0.431437751353061 0.19926998465266052 0.3094804715243209
1 0.5600635908578602 0.7956818222523948 0.22389147635429046 0.3328647200103449
1 0.4140625 0.934375 0.225 0.12708333333333333
1 0.4199778454312522 0.2867752636581114 0.1901784045687478 0.2588002274836033
1 0.06983169169930804 0.32699795899369993 0.1396633833986161 0.23524591798739988
1 0.6756251168018765 0.24228008629699166 0.25900018216314924 0.32219278991113737
0 0.1313171645175027 0.30357076546195144 0.09640324855010748 0.13886014424689133
2 0.26796875 0.6916666666666667 0.4453125 0.6125