1 0.52109375 0.9625 0.1828125 0.07083333333333333
1 0.42109375 0.9604166666666667 0.1953125 0.075
1 0.357901851476561 0.7709716854543819 0.2146794710040611 0.2964292449892587
1 0.46455356723883484 0.7109049162430854 0.21467947100406098 0.2964292449892587
1 0.5099545072443721 0.8311777514929001 0.18258886181247735 0.24296615205802444
1 0.4474628901901075 0.25832672039012233 0.19679106415651582 0.27984096311678963
1 0.44110466378737556 0.1260350537234557 0.1728343275747511 0.16932041319530822
1 0.7184202444444456 0.7073724089232698 0.20636632325581433 0.2851012380775302
1 0.896875 0.89375 0.196875 0.20833333333333334
1 0.5689199807216685 0.08604610248265286 0.190964961443337 0.06163776726382668
1 0.1358943345145814 0.22508924461216015 0.17367493676633483 0.21913814514629593
1 0.2972695303802149 0.446935912033024 0.23362973010335972 0.30278312824407344
2 0.6723312846991516 0.37881818196752914 0.4821625693983032 0.6570244008802458