2 0.7326725836057898 0.40308875666688526 0.3235501428552599 0.3815079937006595
0 0.20688778490633136 0.7371594303637647 0.06677048863591431 0.09055556733052773
0 0.2262360284135096 0.8714749103390534 0.09686709172016936 0.12318784778957621
0 0.7656056347408803 0.15655437045926696 0.06677048863591431 0.0905555673305279
1 0.12804535917333504 0.2509028013277225 0.21431941882984215 0.26815479975288736
1 0.5617582913991531 0.620267959332796 0.21431941882984215 0.26815479975288736
1 0.4938889529253946 0.6692229737324935 0.21431941882984215 0.26815479975288736
1 0.40165658847705377 0.608644253347579 0.21431941882984215 0.26815479975288736
1 0.3298634090939048 0.5990476796046198 0.21431941882984215 0.26815479975288736
1 0.270525365262415 0.5337467428849691 0.21431941882984215 0.26815479975288736
1 0.21467083157719494 0.5009193518397548 0.21431941882984215 0.26815479975288736
1 0.10450844764709355 0.519639569749326 0.2090168952941871 0.26815479975288736
1 0.66484375 0.915625 0.2171875 0.16458333333333333
1 0.50546875 0.89375 0.2171875 0.20833333333333334
1 0.3971076359619915 0.8366965017444712 0.21431941882984215 0.26815479975288736
1 0.9025196590939049 0.6257111421436313 0.18054443668674977 0.3123875978178489
1 0.4020476952114616 0.10106158026848107 0.2115296095770768 0.17433204814977957