1 0.4379864961033686 0.9382835489233758 0.2057421601442361 0.07471962309599671
1 0.6586068142076394 0.8509045808854762 0.20360039152687506 0.220225407808811
1 0.38870274335048627 0.22105767978410806 0.21897212480937514 0.29620805367036795
1 0.3056610393220144 0.7066115445508954 0.21065047853284735 0.26649547263616974
1 0.33362369158246574 0.784963769034621 0.21897212480937522 0.29620805367036807
1 0.6015274388295835 0.07084961179028378 0.24992987765916688 0.14169922358056755
1 0.91640625 0.6197916666666666 0.1640625 0.26458333333333334
1 0.1270028303564585 0.28523373586650586 0.21726415444465297 0.2877655374635284
1 0.2143768502080905 0.361520344490324 0.1792913757593057 0.258061815166043
1 0.4778081430454866 0.6653801703617785 0.21101415444465293 0.2873288059695029
2 0.5914114756830557 0.3174443472052106 0.42838741166284766 0.5813443434330313
0 0.798158970267813 0.7796197889365727 0.08136040919430557 0.10140165988215652