2 0.3829650558177683 0.16713291421959595 0.2901925543720746 0.3342658284391919
1 0.6202329510651328 0.2800561039475535 0.22492569863085593 0.21226855776842643
1 0.5846495726236822 0.054990034367863525 0.1743235207602467 0.10998006873572705
1 0.05936307114080751 0.264798269209021 0.11872614228161502 0.23275795837574234
1 0.7139431417873234 0.1238259292370751 0.16255303262324466 0.21352516031078075
1 0.7992280898867068 0.44751308144749885 0.14622769566510652 0.1898809776130361
1 0.44157209878395537 0.40799595016229456 0.14622769566510652 0.1898809776130361
1 0.3493209317877609 0.41437162807898864 0.14622769566510643 0.1898809776130361
1 0.2765837687458993 0.3948742867583889 0.14622769566510643 0.189880977613036
1 0.24667077566598153 0.352579318820545 0.1462276956651065 0.18988097761303607
1 0.16525894958225812 0.3106018204519255 0.14622769566510643 0.189880977613036
1 0.06855770452517398 0.662738080098845 0.13711540905034797 0.18988097761303588
1 0.04736313684440757 0.48603173635944735 0.09472627368881514 0.22779102407488974
1 0.45406685121823226 0.9181447546396875 0.14412668479069152 0.12113097761303587
1 0.41248282357508437 0.5684986000104657 0.18197419467652334 0.1853042644845156
1 0.6107081234613536 0.770426473336676 0.14402852570316255 0.16897489267659485
1 0.9120835755522506 0.532754462817521 0.14558570851668762 0.27098547440682036
1 0.7809251229670622 0.7656215485979251 0.1875185405319101 0.2646164343573979
1 0.8775944649052974 0.1806975926409808 0.18595604053191012 0.26454368275429013
1 0.8917617356655441 0.0704496617159799 0.15072419467652337 0.1408993234319598
1 0.5351655898867068 0.4598081023727183 0.14622769566510652 0.189880977613036
1 0.5338339001530994 0.605495932499836 0.14622769566510635 0.18988097761303593