2 0.3350643413131323 0.33308757373984826 0.3844797345754293 0.5059598841053903
2 0.5011278977265239 0.13619839457591543 0.2928807954530476 0.27239678915183085
0 0.2358750446422687 0.10184993409445504 0.07957049756436803 0.1146611330796261
0 0.8068179792971282 0.8953754432468692 0.07957049756436803 0.11466113307962615
1 0.6735985560030591 0.6326295908257152 0.2735774163942102 0.3833509644605805
1 0.8152973120921392 0.34869321663094405 0.22588421022569988 0.31830428461280486
1 0.93203125 0.3375 0.1328125 0.31666666666666665
1 0.90078125 0.19791666666666666 0.1953125 0.2375
1 0.07639231939573975 0.699474758884855 0.13767509821299112 0.25938381556362344
1 0.11673094723676117 0.675392636350116 0.18643988068039521 0.2870153847396584
1 0.1720496927725343 0.6609207318635815 0.1880023806803952 0.2871002740679176
1 0.24615934861673297 0.6485551554379366 0.1880023806803952 0.2871002740679176
1 0.33649797645775437 0.6217565743989036 0.1880023806803952 0.2871002740679176
1 0.1469625491064956 0.12459854808626046 0.18767509821299116 0.24919709617252092
1 0.17254320170428333 0.048579876147150196 0.16383640340856664 0.09715975229430039
1 0.6915923997518234 0.8724481422072529 0.1679432508107789 0.18608160212880734
1 0.6218565982096959 0.8606007173147868 0.18241485389503395 0.2180956060831401
1 0.41167702881066087 0.8105175539681847 0.19732283360249453 0.2834429433708062
1 0.6419592236183806 0.30599015407025104 0.23377853084255093 0.3249787312541007