1 0.7078125 0.50625 0.178125 0.23541666666666666
1 0.7515625 0.8177083333333334 0.1765625 0.29375
1 0.28671875 0.5135416666666667 0.1484375 0.24166666666666667
1 0.2109375 0.15833333333333333 0.18125 0.22916666666666666
1 0.64609375 0.14375 0.2125 0.18541666666666667
1 0.42265625 0.26145833333333335 0.2125 0.18541666666666667
1 0.34453125 0.959375 0.2046875 0.07708333333333334
1 0.6421875 0.03333333333333333 0.18125 0.06666666666666667
2 0.25 0.8104166666666667 0.2078125 0.2875
0 0.37421875 0.4635416666666667 0.0640625 0.09791666666666667
0 0.490625 0.38125 0.0640625 0.09791666666666667
1 0.5640625 0.8927083333333333 0.1796875 0.2125