1 0.148970848648699 0.6491664013271576 0.23578400565734076 0.33929409769261704
1 0.5226805385402404 0.5063504364557235 0.1965669695529872 0.301147859188292
1 0.3477168999765589 0.5269122516217665 0.22158515027114642 0.30706145183106
1 0.5369571828594586 0.7335473820309197 0.23733741529826116 0.3373199472327902
1 0.677269086352059 0.8310671815187692 0.21354539129415606 0.25443220413019507
1 0.40952044574527385 0.022633411729712418 0.20654089149054772 0.045266823459424836
1 0.5665835120020526 0.023483288859505277 0.1519170240041051 0.046966577719010555
1 0.8707039063212708 0.20798973089372413 0.17742608411256375 0.2102543313728826
1 0.9080362555591449 0.3460489333663252 0.1824317466803503 0.28349854666006824
1 0.8237390444921688 0.5488743999724206 0.1824317466803503 0.28349854666006824
1 0.49240372784260666 0.9106720186959367 0.18952610831306044 0.11946112769426662
1 0.308318056690613 0.4525584901260915 0.22630901170746495 0.3157223337849124
1 0.37808461426498885 0.14342400271488656 0.19650333703942993 0.2865645258549586
1 0.7404583909995684 0.44736942560158965 0.26403627068445523 0.37042605608239776
0 0.27547776473252705 0.26938007236630473 0.10846700585373252 0.1575336182719372
0 0.31560487850653657 0.868843016735486 0.11461701190385672 0.1350536830992958
2 0.6057783430895541 0.23613377506469535 0.4178066861791082 0.4722675501293907