1 0.6093912333301006 0.11458333333333333 0.16313721303635714 0.21458333333333332
1 0.29697098166311064 0.12604166666666666 0.18395989606689528 0.22291666666666668
1 0.09823059272321706 0.14375 0.18239739606689528 0.22291666666666668
1 0.19660470665826146 0.29791666666666666 0.18395989606689528 0.22291666666666668
1 0.06063551362578364 0.8479166666666667 0.12127102725156728 0.19583333333333333
1 0.24810485209693695 0.8604166666666667 0.21323280788560606 0.24166666666666667
1 0.4282069402782261 0.8791666666666667 0.18485271637033698 0.2375
1 0.7960164514881137 0.9583333333333334 0.17672173879011233 0.07916666666666666
1 0.835524845888019 0.746875 0.19760780788560622 0.24166666666666667
1 0.9148442657518154 0.20416666666666666 0.15723789940087513 0.24583333333333332
1 0.6362412915055706 0.33958333333333335 0.228443219704317 0.2604166666666667
1 0.5259100851371734 0.5083333333333333 0.228443219704317 0.2604166666666667
1 0.09837424287299827 0.5177083333333333 0.19674848574599654 0.21458333333333332
1 0.38276560514105273 0.37083333333333335 0.22519067394668238 0.25833333333333336
2 0.6072085272515672 0.75 0.39342997516432876 0.45416666666666666