1 0.255558101476561 0.750442322527641 0.22481593460686647 0.27275228744982866
1 0.6028605914544117 0.31663931504149734 0.2437056369509049 0.3095036979543491
1 0.896875 0.35208333333333336 0.203125 0.3125
1 0.934375 0.559375 0.128125 0.28541666666666665
1 0.8450735795773359 0.6436693358058361 0.24370563695090502 0.3095036979543491
1 0.14921966147102372 0.6269908700238619 0.19616930289774884 0.3244921471385794
1 0.68203125 0.9322916666666666 0.2421875 0.13125
1 0.6960526935492817 0.7981412974084751 0.2437056369509049 0.3095036979543489
1 0.7174156423495758 0.2061908552398072 0.21852636181247753 0.23905493306980793
1 0.2577309592838688 0.11549046985445274 0.2404619185677376 0.2096250383032449
2 0.3849790838962726 0.49585929427715864 0.45329708975636873 0.589375915248553