1 0.34870095820040037 0.4242221118517148 0.21127623944669321 0.2839588874760144
1 0.7103554784929399 0.45500748607901814 0.21127623944669302 0.2839588874760144
1 0.893228254060485 0.3141501731926698 0.20349101298564348 0.2853138165182694
1 0.7807871607187579 0.7969731382180005 0.2127023717519414 0.27368790166756346
1 0.06835671347540614 0.6672570138554136 0.1367134269508123 0.28631930562250624
1 0.3736578681017888 0.18676591317002916 0.23013533360249455 0.29404039110793545
1 0.45222755844528173 0.6819513063972764 0.23013533360249455 0.2940403911079353
1 0.7082145056853382 0.6185491527456848 0.19362508928453756 0.24693973136897565
1 0.21574854180619019 0.8049179422253979 0.19203531574558708 0.24471071717742657
0 0.1134532049539895 0.5127409072507285 0.08741027110331837 0.12051244720186058
2 0.6351038827122854 0.22267721532868193 0.4235422345754293 0.44535443065736385