2 0.38980153294747377 0.5699081468562306 0.2798065842055689 0.38349188035897325
1 0.7591616573569105 0.5453587990211912 0.19272324645662095 0.3330681611697043
1 0.5756274163425852 0.6782796588981744 0.2052033990890262 0.27374355764309966
1 0.6078125 0.9354166666666667 0.203125 0.125
1 0.5109375 0.8833333333333333 0.20625 0.22916666666666666
1 0.4006497197932971 0.8431785608685324 0.20520339908902602 0.27374355764309966
1 0.359375 0.91875 0.175 0.15833333333333333
1 0.2765625 0.909375 0.175 0.17708333333333334
1 0.20171122278852197 0.8767873400665471 0.1760962524470707 0.23405943136297533
1 0.2625 0.9635416666666666 0.16875 0.06875
1 0.8046105997298476 0.2148769638869092 0.18968752649368775 0.2766968208208084
1 0.74453125 0.89375 0.2015625 0.20833333333333334
0 0.7956100449283733 0.7976539919491591 0.09793155771188111 0.10740176128264381
0 0.19640374092950733 0.30229324886423503 0.060213302902557685 0.09615625957581125
1 0.6149156387525891 0.4036838027172049 0.18697918874473984 0.23282548047191273
1 0.5767063437393978 0.0990625957581122 0.18096231252120454 0.12216613310745439
1 0.20426834854872117 0.06178958921313087 0.11958830290255769 0.10076719283385158
1 0.1935639723251858 0.17159955413531855 0.12237105172143128 0.20701719283385156