1 0.8562156290621328 0.691886472647962 0.20308190990138836 0.24162340222814838
1 0.707723581984232 0.7006597008641658 0.2095773717519414 0.26056736271444453
1 0.5375004054404569 0.40085801608634203 0.2095773717519414 0.26056736271444464
1 0.7966629456184986 0.28973214602661945 0.1873478157455871 0.23280516767907428
1 0.913063467128854 0.4058628085144434 0.16311147483619665 0.29036265906722236
1 0.7157520905056487 0.4453058971661103 0.2178535219140972 0.29622647998898183
1 0.10493909578065445 0.2757966032172684 0.2095773717519415 0.26056736271444464
1 0.279296798706049 0.9159565923264348 0.20034664772652383 0.15199157877324107
1 0.42513459334502246 0.15548795174949026 0.22860010714144496 0.2819825775066669
1 0.6881937008935044 0.11716797441861078 0.23923759821299112 0.23433594883722156
2 0.31430086445163613 0.6878792115008331 0.4369422613607904 0.5675014500995375
0 0.5733446278443167 0.6454790963803234 0.06509889448011297 0.08115476165120393