1 0.6404340353174603 0.07451069653620614 0.15586807063492075 0.09664023883479068
1 0.7742907102067195 0.5889783087537527 0.18469158235511324 0.27466934300852536
1 0.58359375 0.9604166666666667 0.2109375 0.075
1 0.3265625 0.9239583333333333 0.215625 0.14791666666666667
1 0.2371375709394626 0.8144477869280249 0.14090200956072393 0.23937171639128133
1 0.6225069671465497 0.6421925667127463 0.16383886181247737 0.23004632377123174
1 0.68671875 0.8520833333333333 0.1859375 0.2916666666666667
1 0.7874196568475453 0.051213765498114544 0.1435893136950906 0.03578706254947718
1 0.23221981955518664 0.12825731578396546 0.19292558451458142 0.21892860423028018
1 0.5144291471299377 0.2910615979309396 0.20570498920265834 0.29019844718226034
1 0.6944682981173869 0.22565157796277371 0.1682655459579186 0.2572751603107808