1 0.3469238672111482 0.07201169956933635 0.21259773442229637 0.1440233991386727
1 0.7137899946013292 0.0922156693429299 0.18118704811738695 0.1844313386858598
1 0.7321601742709503 0.7072564672080695 0.20167882325581452 0.2786542340100903
1 0.852630053977483 0.21059890911775275 0.20167882325581452 0.2786542340100905
1 0.5297525609173134 0.29885159058693067 0.22894223010335962 0.2955071704688084
1 0.5370677197674434 0.7448448118493893 0.22894223010335962 0.29550717046880853
1 0.5568666849114082 0.9282852693859955 0.1790657387412331 0.06716951881383106
1 0.5386805706349208 0.07095923709855961 0.20548614126984166 0.14191847419711923
1 0.5197243237172398 0.44927849064845404 0.22894223010335962 0.2955071704688084
1 0.6551704703857523 0.4764053886550981 0.22894223010335962 0.2955071704688083
1 0.7952144794850509 0.4686232623969458 0.2131169710040611 0.29000544314015086
2 0.3307607557032126 0.5490998231573756 0.45323653300110855 0.6238136500061539
0 0.722872416712811 0.9057335400024586 0.07205427513842758 0.07462426691276013