1 0.46484955661204796 0.5401005372045667 0.17554653469127163 0.24301203981045016
1 0.6195830572883657 0.44650273769702326 0.17554653469127163 0.24301203981045016
1 0.4781137199634108 0.3631081074620297 0.17554653469127163 0.24301203981045003
1 0.3031671692791389 0.534679400984913 0.17554653469127163 0.24301203981045016
1 0.7986363999840916 0.1624556851316857 0.20541584802672616 0.2640756622404671
1 0.8782495326225475 0.4401753436005923 0.17701812802354447 0.2326074936225563
1 0.88828125 0.9385416666666667 0.1640625 0.11875
1 0.11989159261618414 0.4967969113957728 0.17554653469127163 0.24301203981045003
1 0.7862347552912292 0.419668568686329 0.1535624466899989 0.23034235310763052
1 0.04865348663272883 0.8097749757995032 0.09730697326545766 0.28621661826567313
2 0.35186610924573125 0.8632043767844162 0.2646999413589988 0.2541195737671676