1 0.17306086597565992 0.3260758227195643 0.16530161094166687 0.25999437937587105
1 0.19324346656500008 0.13816199724411385 0.17849128875333348 0.21086767466114137
1 0.3530782871378128 0.5130277819156152 0.22238806553881965 0.31140422718361893
1 0.22899074296923666 0.7970746553639262 0.13532317021222243 0.2414840893291893
1 0.6302642618709381 0.8899911058765307 0.18837412860909736 0.15113023766079603
1 0.782835909478646 0.31114969369118517 0.19313567021222228 0.245074303279745
1 0.3417459693178825 0.8495118094865011 0.1982232137152085 0.2682820683748351
1 0.48065516042857653 0.29446035925309244 0.19698802203583346 0.28693503556536065
1 0.5034717985369792 0.09676073476831805 0.1944435970739585 0.1935214695366361
1 0.8538062921718058 0.5684841326218533 0.13950283035645858 0.30209482161480494
2 0.6645255866247226 0.5677251025682648 0.35698388392743075 0.5112216498461416