1 0.32902285934846726 0.4418884916189062 0.22798050740125567 0.2929044569276345
1 0.278125 0.903125 0.203125 0.18958333333333333
1 0.8115607449150962 0.8455034357096899 0.1761991594684389 0.19009387025248353
1 0.7486494486434105 0.12107165791423614 0.16832610271317883 0.22119841958411987
1 0.20714306909376132 0.114755215149574 0.16205751387966058 0.12325751113939264
1 0.4114918052141007 0.23884906763205707 0.18258886181247735 0.2255832622533319
1 0.465625 0.8916666666666667 0.18125 0.2125
1 0.7073250254521947 0.9158148410247816 0.16135660703211538 0.10867417780605942
1 0.4034568645902546 0.09695210407381478 0.17746127081949087 0.18386811203054404
1 0.13771434377076358 0.27421433158284725 0.1738146391103733 0.2379378115849683
2 0.6506091602436312 0.566758810789267 0.4354482557032126 0.5813271040738148