2 0.35659221806401653 0.43152062724900003 0.31612603012188495 0.37945894717280676
1 0.2908109283234848 0.8257009042454353 0.2165228450053421 0.27454081082222503
1 0.5579116706037546 0.3497669328721317 0.17595240870767306 0.2763090117074649
1 0.7809746260538993 0.7500382546289278 0.17077383538669508 0.25752265027114635
1 0.7500222372164922 0.828387483486225 0.17077383538669544 0.25752265027114635
1 0.4574081512816428 0.8171184065894629 0.2086012176006804 0.27031354176169436
1 0.7495485882971021 0.22018141518000645 0.17673116950744613 0.18674991933167728
1 0.9306596567239385 0.6416072629576157 0.10827383538669508 0.25703783112023354
1 0.8755307349390575 0.18171177687818055 0.2033135168750409 0.2473605136587091
1 0.6048536140729998 0.5556108968332422 0.21183534500534212 0.2745044493859065
1 0.784868496286985 0.5417170417743674 0.21183534500534212 0.2745044493859065
1 0.16106889773826377 0.5007318999501635 0.17595240870767298 0.2763090117074649
0 0.1790028982864179 0.7703296389564649 0.05854167549789593 0.0879363372358218