1 0.5993301945127774 0.8465195484717968 0.22208208565349707 0.22723968792335542
1 0.8085180683014459 0.2714635180185682 0.2132205378830701 0.26605874114214434
1 0.59114562595923 0.6166889258273791 0.25399835719292196 0.33117913010629635
1 0.4403043917986718 0.6728946321438144 0.25399835719292196 0.3311791301062963
1 0.13408152497049428 0.619567432534822 0.23560899011264289 0.3070614518310601
1 0.37298621580010083 0.8581843984635488 0.20064412822814398 0.23404446102759996
1 0.4592932365063467 0.06343104477668488 0.21266352698730664 0.12686208955336975
1 0.731518161748613 0.13745875282778133 0.21220434110137862 0.27491750565556267
1 0.6358675361183591 0.3873127521504128 0.20628212303236387 0.2821794934412793
1 0.7827318284409045 0.4663053467536315 0.20482888367602553 0.2841536439011063
1 0.332108023633112 0.10968339213061766 0.22953395273377603 0.21936678426123532
1 0.23847300209368694 0.20232240690565292 0.1961422985267317 0.266941062866908
0 0.24529825837474784 0.8588040607577351 0.08772922896477801 0.09953669229583587
0 0.28730507793670146 0.6960399623106821 0.11055472376899793 0.14887273631808473
0 0.5686082523457885 0.08169570254966842 0.09172831411407198 0.11642172470951513
0 0.5128334997478985 0.06172254409931634 0.07544775025210164 0.10282989597445177
2 0.3787323793134247 0.36272877581913116 0.42081378863937446 0.5732382345834236