1 0.2992134328135252 0.09289445529504596 0.17770318874502422 0.14496573682805575
1 0.2436371838392894 0.6284583342207868 0.21009387749004843 0.2854218923497224
1 0.3771712199225753 0.8526556343732866 0.22852554250907647 0.2755871071419447
1 0.6670494620139099 0.7936122266997215 0.2000185405319101 0.2622142849536113
1 0.4732835800752372 0.49204239437879577 0.21478137749004844 0.28556736271444466
1 0.6007573226608633 0.4411669593489345 0.24003604547482596 0.29467653799296323
1 0.6672670489348672 0.2889606588173141 0.1994747124710205 0.29549912816537055
1 0.8047763192008223 0.41293975342273065 0.22016921444818677 0.30862949974583365
1 0.4242227030794803 0.21726147087305508 0.2813268903416297 0.3688054576989818
1 0.5293703898845192 0.8687854259139346 0.23350220258518864 0.2341144009615744
1 0.32354090665325214 0.4539406225949996 0.21165637749004845 0.2854703824712966
2 0.8464876112156071 0.677522215808888 0.2988619002274614 0.43179035891472256