1 0.24135343956909888 0.7218689944505958 0.19236173466476122 0.25701986427956264
1 0.685316607017695 0.7243780125507543 0.15780106436617344 0.22088290355604817
1 0.5847031459091712 0.1193509680263311 0.1787034262506726 0.2387019360526622
1 0.5734882323958473 0.587716226614985 0.19494043144645268 0.24687020974529403
1 0.733479135517611 0.012067892764856751 0.1628713405971755 0.024135785529713502
1 0.5582177835204691 0.3598442494401358 0.16001912822814396 0.23351640962224732
1 0.47096343797961493 0.2884876876461162 0.16064184110137864 0.2750495702227148
1 0.2769617017253699 0.13188514291866518 0.20976775595208474 0.26265509767441925
1 0.7169986597318007 0.9062567684631448 0.17304401609154318 0.06663549454903452
0 0.8038030711514373 0.18538466071120674 0.12061813861970413 0.1347459428325339
0 0.4937446461612727 0.025066145385750405 0.07344820767745457 0.05013229077150081
2 0.7446526742338602 0.43828142299741335 0.23012381461827508 0.32454033106927604