1 0.38722092286947607 0.7426394419783331 0.19447272868809903 0.25818827538602845
1 0.41269961064963284 0.43328743670588943 0.19447272868809903 0.25818827538602845
1 0.2600125313410308 0.3500248135368825 0.19447272868809903 0.2581882753860285
1 0.28127846291948844 0.5912900282898096 0.18000105172849495 0.23867427143169576
1 0.1716413869760987 0.7522708359447676 0.18000105172849495 0.2386742714316957
1 0.54241688822974 0.7466929538165438 0.18000105172849495 0.2386742714316957
1 0.6947810217741194 0.6302102449703284 0.18220004922121244 0.2679258274266217
1 0.5526139053184987 0.52972917450097 0.18220004922121244 0.26792582742662163
1 0.6737808293086021 0.0686492519399853 0.19711434389007837 0.1372985038799706
1 0.2944714140274804 0.033151194322208186 0.1954321719450392 0.06630238864441637
1 0.3888686202165442 0.14423107046935837 0.2128877595669115 0.28846214093871675
1 0.5859957404995957 0.8951879406354348 0.20304609514371955 0.15044916735050956
1 0.4249900443396616 0.9070565414461312 0.19665970282385156 0.14385961003747263
2 0.7893052262473236 0.30358144258781383 0.27037731380268876 0.518258295157692