1 0.1981921444314391 0.20234682029506226 0.17673965940862688 0.24296615205802427
1 0.17791778219896065 0.560054964687161 0.17673965940862688 0.24296615205802422
1 0.8865536139483382 0.03232377807049485 0.17376777210332364 0.0646475561409897
1 0.8978224198999751 0.2090501329551875 0.17673965940862715 0.24296615205802427
1 0.8210312847062431 0.5141271951607429 0.1767396594086268 0.24296615205802422
1 0.3850219253767585 0.746815977379322 0.19875105172849494 0.2517679047441971
1 0.09273894055180197 0.6196759788877163 0.18547788110360394 0.31218457141086375
1 0.5145994282797524 0.5581850661004952 0.1792736260225322 0.21624735482271554
1 0.3777766928612287 0.3289381252272849 0.17642141066226813 0.2283828187246909
1 0.3817856136191337 0.8594071114038281 0.17900084138279587 0.20374735482271547
0 0.6864276495125111 0.8259481751797549 0.07713681301126592 0.10666553301925912
0 0.12672604057873785 0.870457937417346 0.06092077962517117 0.07775951919580232
0 0.8381853439565855 0.3708201160529651 0.06909699247815268 0.09533752610753071
0 0.779894436988734 0.02693270433506268 0.07842652837152997 0.05386540867012536
2 0.6496804365930225 0.2516505658809574 0.4158262061225567 0.5033011317619148