1 0.4470412134243292 0.4442560306004117 0.1945387176006804 0.2774801923729368
1 0.8239261503549706 0.6230656212749572 0.2325297909216581 0.2979762308475244
1 0.6442436287554241 0.7936475987749024 0.196681570958725 0.24012569557915242
1 0.7791344616102306 0.40249683119726204 0.21188990870767305 0.28453046000712284
1 0.5303199609772584 0.2275695386442234 0.24058039309857637 0.36701723725995555
1 0.4262302387368907 0.8115873743398095 0.21232641832631988 0.3011971266737895
1 0.36822669954451304 0.1461541659923398 0.15523811542376215 0.20698415389834957
1 0.14233881134007814 0.22094909860526654 0.18547125244707074 0.22919976769073122
1 0.6591691580747008 0.14201400663861258 0.22458831614940156 0.23310189110175977
1 0.5987401226801563 0.4565212694352024 0.20725697241000382 0.28639553853113286
1 0.19305311787083287 0.429308895095393 0.21781252649368782 0.27232146641955407
2 0.29609375 0.725 0.3359375 0.5458333333333333