1 0.22358922737529419 0.5032652446816664 0.20729831981405517 0.26434610840851863
1 0.16837756746826665 0.3756017717837961 0.20729831981405517 0.2643461084085187
1 0.4782667476542115 0.11620165577583313 0.225283495308423 0.23240331155166627
1 0.4261193756302538 0.2319660295103236 0.2264525113999664 0.3023794997458335
1 0.694945421306994 0.40412500266236034 0.19857888367602552 0.2765551676790743
1 0.7067673501555565 0.6593818261172678 0.24705994234221595 0.33837804787138925
1 0.8557190303415014 0.39600552014023055 0.22434370818165766 0.2919143429575929
1 0.15939495944216545 0.7713147507603703 0.2015946230323638 0.27456881458888915
1 0.7559547050795645 0.10360119174398112 0.23065941015912905 0.20720238348796224
1 0.3014892603146856 0.8994120219108794 0.22981817599857096 0.18808710714194465
1 0.5092471299928547 0.8919211690748606 0.22992743664223259 0.190170440475278
1 0.8914865575809096 0.6453024133774065 0.19883025595208464 0.25160365780064825
1 0.96328125 0.5395833333333333 0.0703125 0.25
1 0.5146352084337592 0.36798620985513836 0.21979831981405518 0.26473402938111135
1 0.925 0.325 0.146875 0.26666666666666666
1 0.7421485672161652 0.25971951507393437 0.17975247402109956 0.24477177634175942
2 0.4409784591900639 0.6645001467848607 0.566934671811197 0.6374169549116673