2 0.46586218199176804 0.7498331233370406 0.38108947183034875 0.4587942591993463
1 0.6837198774401418 0.5131247517004623 0.22216126879593148 0.3013122523720163
1 0.6723994822913305 0.6102928288716494 0.22216126879593148 0.3013122523720163
1 0.47946371470334703 0.18988224269571863 0.21218049091614422 0.2652888839608707
1 0.5359054201536606 0.05911468799570274 0.19993584030732112 0.11822937599140548
1 0.26865272895735054 0.6186213020456509 0.22206567394668236 0.27435025938757884
1 0.7941145988114486 0.7777193307667143 0.20726985030926065 0.23587953659641225
1 0.740943090766363 0.2553990921434743 0.24802213819098745 0.34271569093878657
1 0.6418362978836665 0.13053514770327668 0.22206567394668236 0.26107029540655335
1 0.5025662459171141 0.24669882166785448 0.19260157242947357 0.1994921471385793
1 0.7366547192452749 0.07586354427078842 0.1764344384905499 0.15172708854157685
1 0.7112722109103252 0.019299919697496552 0.16316942182065047 0.038599839394993105
0 0.8029478516863865 0.6399262535955272 0.0744895590935541 0.0990889753514151
1 0.3090397733378592 0.13717998985312121 0.21361544515850978 0.26332689097643314
1 0.90625 0.634375 0.184375 0.27291666666666664
1 0.3493599503286574 0.8855213477409232 0.20159393515657004 0.19397018923195403