1 0.7130713344690982 0.32856137715020767 0.21882413666229378 0.2617592965466718
1 0.8582950162791256 0.6450990469665446 0.2188241366622939 0.2617592965466718
1 0.46694270320965076 0.7870270262675064 0.21882413666229367 0.2617592965466718
1 0.31129121366240725 0.6913590655860568 0.19613008930724707 0.24199077410316244
1 0.1738143294897751 0.7507770792548821 0.19613008930724712 0.2419907741031627
1 0.12584580830191333 0.5638128036334299 0.1963120998305908 0.24615744076982912
1 0.6569691927568942 0.8810944516805844 0.18549642619541978 0.17704368275428994
1 0.5172975609327493 0.5445468603882574 0.21258954721387227 0.22612437507068162
1 0.05261895285671486 0.7406580568679182 0.10523790571342972 0.2311838862641636
1 0.4039777845538029 0.4614615639546763 0.20036256299888783 0.2317923622458193
1 0.5791898871564038 0.41276113600970965 0.20145462613895013 0.2567923622458191
1 0.6608024501552917 0.1864978956000838 0.17572658404557515 0.23896166992942766
1 0.19617996608148164 0.39940803037423034 0.2279569419804353 0.1852579760382009
2 0.3232114448936199 0.20429557520470362 0.28496434712916774 0.3480026940043174
0 0.5785884606080482 0.08741060957256712 0.06752069994353035 0.08214948239408676
0 0.14585228434204134 0.17720896709388093 0.056128173635171044 0.07122355450566543