1 0.2912652404849781 0.8336474398127756 0.20611737510244393 0.273750035324917
1 0.7229816974760194 0.31168968725261414 0.20611737510244374 0.2737500353249171
1 0.557337426797855 0.29644831471382116 0.20611737510244393 0.2737500353249171
1 0.40340544396136274 0.14606805034239626 0.2360231989237615 0.2813823157839655
1 0.22704630521006774 0.2273147755649069 0.1729410020669146 0.26180558499298645
1 0.8602121395753553 0.7455983955435385 0.19848465756743253 0.23387569557915266
1 0.46884873903723606 0.8994575935980345 0.16014559553293922 0.16345240870767294
1 0.302172699542934 0.585863044773928 0.20611737510244393 0.27375003532491704
1 0.9421875 0.5645833333333333 0.1125 0.2625
0 0.9148865994618808 0.09303885785636863 0.12057367328319835 0.1470502852966444
0 0.691303550247669 0.09927567043411849 0.07046235731976366 0.09687831893363574
0 0.8539727940424161 0.5893847713450924 0.0839812018192454 0.12662699842516498
0 0.04232681864952187 0.6292625624929318 0.04448205417661044 0.1123082083474697
2 0.6324124712545557 0.7207307113275039 0.35997873738460606 0.480588686017051