1 0.4844445527566482 0.5835945966401097 0.1659637394466932 0.2708876894516784
1 0.7174770154179801 0.7704866556709824 0.20478077759614025 0.25365315967243446
1 0.8191177873353727 0.41428124333719263 0.22423988960884894 0.3085472520450641
1 0.5431244829538715 0.12279367616818132 0.2143739659077429 0.24558735233636264
1 0.539188779624735 0.34697670071339076 0.18465919236879244 0.26744844849097466
1 0.3210775279998819 0.6430845715672849 0.2222137394466932 0.27306996656956717
1 0.34555715096963935 0.841194241576995 0.26919783360249455 0.28322186416780776
1 0.5789793514561067 0.9384423484657042 0.1775443474022122 0.08184992539781746
1 0.5845730121715693 0.7089422783504712 0.18961942775829588 0.28846363825079874
1 0.15365820291880403 0.6318624507787877 0.1880569277582959 0.2884030194419685
0 0.677577349430807 0.17068767458533565 0.08735572402541755 0.11166736781899661
2 0.3371938571414449 0.27254493824237525 0.42126271428288975 0.5450898764847505