1 0.6 0.9145833333333333 0.1875 0.16666666666666666
1 0.7199791392510526 0.6865544882671981 0.1885726623713948 0.2647772005594173
1 0.7160269165748073 0.8758220904800967 0.14943743949875793 0.24416389488731624
1 0.5164132568356911 0.7670736321056073 0.20431583703942985 0.2934391894949243
1 0.5844097987937771 0.5884451845282874 0.21385446350286302 0.33188638285622835
1 0.17862392798768473 0.261904539424997 0.18086924668035032 0.2889878727583304
1 0.12587617788948885 0.17007877704427324 0.14907382513557327 0.16083056155398304
1 0.3381716448101975 0.2384234932338349 0.20762264422102222 0.33542158728202554
1 0.5223426326117532 0.1246810298927087 0.1865647347764936 0.16253600166586643
1 0.80625 0.9114583333333334 0.1875 0.17291666666666666
1 0.5009256539835796 0.37575377760988293 0.21832379488495218 0.28235997953688047
2 0.30546875 0.7364583333333333 0.3703125 0.5229166666666667
0 0.8008200730924699 0.7885134973985011 0.06129202400410501 0.08740675684847711