1 0.5510104598820161 0.6104166666666667 0.21287679735218495 0.2791666666666667
1 0.3883991439185815 0.5625 0.22290676881613755 0.29791666666666666
1 0.5170399125298314 0.33125 0.24365591645877274 0.3104166666666667
1 0.251631082298373 0.29270833333333335 0.2197089942090317 0.29583333333333334
1 0.41255565798171734 0.023958333333333335 0.1813613159634347 0.04791666666666667
1 0.7426134931755745 0.16875 0.1755908130679506 0.19583333333333333
1 0.27892994458053527 0.49270833333333336 0.2163656703877142 0.28958333333333336
1 0.707605062239381 0.5979166666666667 0.2275214942090317 0.29583333333333334
1 0.6915369524384182 0.4510416666666667 0.25088621960192603 0.29375
1 0.3312352690210254 0.8270833333333333 0.17028688296032665 0.22291666666666668
1 0.2950944077723204 0.7541666666666667 0.19063792431665563 0.26875
2 0.6723354580199894 0.8854166666666666 0.2687971575674325 0.225