1 0.2974360012431954 0.33229166666666665 0.26450067051050075 0.32916666666666666
1 0.551662076548823 0.14166666666666666 0.21582415309764613 0.2833333333333333
1 0.5777364914051144 0.8447916666666667 0.20505042740790563 0.2875
1 0.5051466819304615 0.44895833333333335 0.1916496687014785 0.26458333333333334
1 0.18108838421445367 0.47291666666666665 0.17256547602842476 0.29583333333333334
1 0.4151446381711826 0.9020833333333333 0.2044086182719372 0.19166666666666668
1 0.16025582654882314 0.14166666666666666 0.17481629353213637 0.11458333333333333
1 0.300921770126388 0.14270833333333333 0.227675699909143 0.22708333333333333
1 0.2952172405006032 0.8125 0.198315748529662 0.23541666666666666
0 0.9029069097679085 0.809375 0.09085072930778501 0.125
2 0.708445422319523 0.39375 0.4512105336940554 0.6270833333333333