1 0.3098887187492016 0.3521396619794911 0.24440853590354178 0.31366898860083364
1 0.08576284735829891 0.4846919276845834 0.15952438962701407 0.2818838553691669
1 0.8425603208571533 0.6737134113440749 0.2126130220358334 0.2814491861693521
1 0.7603836004924309 0.6628343466281027 0.2126130220358334 0.2814491861693521
1 0.6537874551658337 0.5949779300885193 0.24175631458888916 0.34065534169101874
1 0.43136824771888926 0.6463771760367597 0.25073127108590293 0.3180296157537967
1 0.36328125 0.9375 0.2109375 0.12083333333333333
1 0.47374019851631993 0.8371727624094449 0.2251857572181947 0.2860037738086113
1 0.6890930947928477 0.873006820792547 0.20734364057694457 0.24797038247129657
1 0.4866876080918752 0.3711607123840283 0.1918277433504862 0.2537354812555558
1 0.4649015674386807 0.24138791919768568 0.19967661094166686 0.2560612651967595
1 0.4358667244487848 0.14366434207013937 0.19967661094166686 0.2560612651967595
1 0.6028535494869098 0.09262703013935253 0.19945709897381966 0.15402642198500024
1 0.16276045203170164 0.42253310042995385 0.21922669794763908 0.3024764799889818
2 0.7919537234988543 0.19011251139490828 0.3370324469977085 0.3415299057737041
0 0.689593096124028 0.2754295849768989 0.07674564437666671 0.10232752583555561
0 0.54765625 0.95625 0.0765625 0.08333333333333333