1 0.40504933477957233 0.31225655768426097 0.22166960049533807 0.2806568250030769
1 0.2184161679065148 0.2185017674295551 0.23471756410140793 0.34200803413313724
1 0.7403596344080687 0.11323607084409884 0.22166960049533807 0.22647214168819768
1 0.6390711162111037 0.13271256117878585 0.22166960049533807 0.2654251223575717
1 0.8544114799410082 0.23311505758582213 0.20604460049533807 0.2793217643410859
1 0.8495656222069599 0.34114100761658384 0.19586907981717366 0.2556040612772247
1 0.8911838496667684 0.5904207135597361 0.19586907981717366 0.2556040612772248
1 0.8091889869703215 0.5984714487018553 0.19586907981717375 0.2556040612772248
1 0.6894307969379001 0.4227339718346231 0.21080487510244392 0.28180561587301656
1 0.11792828618453317 0.6617145496616215 0.19154545285270289 0.2656202097452942
1 0.20044549544737683 0.9377981842500301 0.18757708271265772 0.10742038247815984
1 0.5354881596343473 0.4348426526885672 0.19310795285270288 0.26575371581149315
2 0.4671706149682494 0.7447097090316215 0.45412684367091244 0.4687652046019456