2 0.2637407620465693 0.7211894984415392 0.33684360747782155 0.4857331881303523
1 0.2786022871421713 0.28129709289949895 0.1839284045687478 0.24090446551957118
1 0.4981893848717306 0.9132062699770255 0.21392263527271585 0.1640877827192398
1 0.24571616431701004 0.08893488771898726 0.15705732863402005 0.17786977543797453
1 0.6629754419114117 0.14075485272752025 0.15871491701630233 0.20947265833797873
1 0.40820450892306964 0.10185234972885351 0.16015901784613934 0.20370469945770703
1 0.4051988307086125 0.17089185220380895 0.19079371120744354 0.22429840124676853
1 0.2849608761491535 0.4344402736176582 0.2050930095477696 0.2285741522223906
1 0.717082601454537 0.11636624239775166 0.1827677236549981 0.1929999193316773
1 0.5852317180559208 0.32685632644485146 0.15262993776222694 0.15736508404709978
1 0.5597949327878493 0.4156343424475882 0.17209033278320493 0.17001052979237366
1 0.7299899562330661 0.4810101781249491 0.21418458963168216 0.27862263413748195
1 0.8539485971048594 0.5029753872079491 0.1448659045687478 0.24060145355025048
1 0.7866767415011375 0.39198975254675594 0.214326299589726 0.2536347546162548
1 0.8072082647458616 0.8357761139830744 0.187882198759889 0.2555120398104502
1 0.5549577578973844 0.7293517560564607 0.1972805095477696 0.22851354982852665
1 0.5226814060186402 0.10879858275049471 0.2109878120372805 0.21759716550098943