2 0.22569163644737328 0.28399459393424836 0.43756481380268886 0.5074755573716475
1 0.6222246217993899 0.6651315329092952 0.24198422618081672 0.2789135256280296
1 0.6844314536152745 0.5448011994450339 0.21863765439406196 0.282898385113104
1 0.7662006276718847 0.3902534322048195 0.2186376543940618 0.282898385113104
1 0.590868007059629 0.33786033215498296 0.19658079796757127 0.2743953650769511
1 0.5477879453020043 0.22504519970688955 0.21476850831327035 0.3203620236767855
1 0.4161287683424001 0.20527707948997237 0.20104097743445787 0.264015059846603
1 0.21748902837152992 0.08708929273731633 0.22247805674305984 0.17253020036152864
1 0.4196281898917279 0.07928389473839699 0.2361313797834558 0.15388928467048404
1 0.6819439849563051 0.18026028778740547 0.18376254922121243 0.2597150679134353
1 0.92890625 0.37395833333333334 0.1390625 0.27291666666666664
1 0.8513234369222269 0.5325564240070594 0.21211486975432586 0.2703499031980127
1 0.8378268897460786 0.665762492313278 0.21211486975432586 0.2703499031980127
1 0.93046875 0.6385416666666667 0.1359375 0.24791666666666667
0 0.7817226761016742 0.2424822112834267 0.08981866943775678 0.10692874681127809
0 0.4990097453146395 0.8891376536499235 0.08981866943775678 0.10692874681127809
1 0.33308321694310955 0.8024483367121105 0.17535901583511757 0.23257113218623762
1 0.8 0.8510416666666667 0.2375 0.29375
1 0.6521140809579546 0.10191711916949463 0.1518473079967011 0.15740144548341825