1 0.7145235962263748 0.5370371596929993 0.23619181788754579 0.32052913949865197
1 0.6813449501594795 0.313211097987485 0.2059304909161442 0.2588756955791525
1 0.5298460941003429 0.3580920226131453 0.2059304909161442 0.2588756955791525
1 0.36398210697722055 0.28285389835815394 0.2059304909161442 0.2588756955791525
1 0.7150653433514369 0.6731317350107936 0.1757647587939916 0.22423283338987876
1 0.13137677212991122 0.3135714487570955 0.2003182197043169 0.26900135583338797
1 0.2630882551701477 0.6707837701095294 0.218111497584104 0.3051455385311328
1 0.5850285753044115 0.07605830549099174 0.1919321506088231 0.10657410743649579
1 0.7270404742462448 0.16888240409625824 0.21033094849248962 0.2798545321187015
1 0.8063117098715551 0.8529201092375123 0.23628767061270253 0.24574739430797526
1 0.53828125 0.9489583333333333 0.2234375 0.09791666666666667
2 0.54921875 0.8302083333333333 0.2921875 0.33541666666666664
0 0.5696894572864812 0.5126356788737476 0.09151756242753403 0.12059525323448833
0 0.5172815475938023 0.6618453238843226 0.09151756242753387 0.1205952532344881
1 0.3408159318225901 0.17167333985885527 0.17267170970237727 0.19916008178677083