1 0.8757652580362711 0.451229074185184 0.19593176002545326 0.27108756526224315
1 0.7423896840388164 0.461688857814847 0.13186926002545346 0.2641150638448886
1 0.6368220313892247 0.6177480119508927 0.19596812269254435 0.27525423192890985
1 0.578125 0.865625 0.209375 0.26458333333333334
1 0.07378568204963408 0.49506771495298246 0.14091699602163538 0.2276354299059649
1 0.5218948233609078 0.3273786192179774 0.15183631468808995 0.22674252364388722
1 0.6266721353437268 0.1701927679101752 0.1533442706874535 0.22066258465406652
1 0.940625 0.6572916666666667 0.115625 0.24375
1 0.17401075934913565 0.17400007495815487 0.17385676535645347 0.24579004445306515
1 0.15292719470081662 0.3517425236438872 0.19255222135581712 0.24158077657521773
2 0.17734375 0.7729166666666667 0.3296875 0.45
0 0.9703125 0.9479166666666666 0.05625 0.09166666666666666
1 0.5907839200747693 0.7979778178070883 0.1671158693507266 0.18885980041234754
1 0.36797203405472473 0.577039184866706 0.19217041335136278 0.19783077657521772