1 0.4025728855732501 0.5936944242278809 0.22626368611433295 0.32870699773594275
1 0.5455814998884583 0.8181775827734692 0.19411957146044045 0.26367038247816005
1 0.39406990954482535 0.8892607454288161 0.1822127137039528 0.15883618548049772
1 0.5707164552246683 0.3966099660760408 0.17331574852966192 0.24943480361757164
1 0.6727359786304166 0.41592356570690053 0.2182121687014785 0.2823396401378128
1 0.7615937607425922 0.41352205326688546 0.2182121687014785 0.2823396401378131
1 0.4895936872459868 0.18241156488248877 0.1812853787873868 0.293718827882368
1 0.73738381331984 0.01407128213362749 0.14085737336031984 0.02814256426725498
1 0.6184423835370851 0.10538859757598043 0.24124023292582972 0.21077719515196086
1 0.7466315812985215 0.1998996442598719 0.2103996687014785 0.28167210980681745
1 0.129219431253093 0.13949339194044497 0.1712752137039529 0.15790164301710405
1 0.7499491745828306 0.6107308184323832 0.20546650723608906 0.2750215916082202
1 0.19815205845860007 0.48554257043189286 0.20546650723608922 0.2750215916082202
1 0.6688994911820311 0.8304805171773079 0.18591092378986113 0.17368653094622932
0 0.23210325531552528 0.6518630793773831 0.09011374491161736 0.11359283364095016
2 0.3009472670741703 0.24004600503875945 0.3453146585247131 0.4800920100775189