1 0.5343736310907276 0.5505483950289141 0.2059069009729347 0.22985578860588235
1 0.5365189634787014 0.8635560374307844 0.1773182508107789 0.1920360127476319
1 0.6972809598252534 0.6843801717115762 0.1773455243497292 0.19411934608096526
1 0.7958315081209701 0.7269442031746004 0.14919325081077908 0.18963290355604817
1 0.1457712325534249 0.9063075539805581 0.15517051542127552 0.16933359448751115
1 0.7553912889635213 0.4182491260612746 0.14922052434972918 0.1917162368893815
1 0.2835880215103555 0.09564246401501132 0.14922052434972918 0.19128492803002264
1 0.20050278612085207 0.12333596442721721 0.1492205243497292 0.19171623688938158
1 0.5585062008935044 0.08701893018949099 0.14922052434972918 0.17403786037898197
1 0.17954403490633136 0.7109290993232429 0.16240236282348777 0.2448676187523077
1 0.322265548706049 0.8964297018333938 0.16753414772652384 0.15998497635043735
1 0.8856048944834083 0.4862012831672172 0.162184174511885 0.22820095208564103
2 0.5231436250016477 0.2757750359911388 0.19726828652459377 0.28530475220868773
0 0.3354843433483177 0.7808450730035671 0.062082988635914306 0.09270673658176491
0 0.5543434375041191 0.7538208904023606 0.062082988635914306 0.09270673658176468