1 0.7419627140203546 0.15800733549101667 0.22232457195929065 0.28619560172966163
1 0.23849095761021383 0.1786077451276376 0.21752575599585605 0.23820620562579406
1 0.46200338627009563 0.13689653516890196 0.23536822745980873 0.25735621753039906
1 0.11681501075336698 0.521877365799639 0.23363002150673395 0.2844031861451319
1 0.6508409844936314 0.6625481937167953 0.23475179735218496 0.28440318614513205
1 0.8093554977281976 0.8028066401438761 0.22926377667402056 0.2613774253226637
1 0.47890625 0.8604166666666667 0.2296875 0.275
1 0.8427802355270886 0.5398286266155164 0.2067338052100677 0.2421183192622576
1 0.5930671416467791 0.2348155676352076 0.22076207195929082 0.28615923701106116
1 0.6956205992569929 0.41025958224460585 0.2804667117440431 0.3416713982659446
1 0.25703125 0.9510416666666667 0.2078125 0.09375
1 0.07834751613005046 0.7010856693714599 0.15669503226010092 0.2643804209941161
2 0.42575540136668877 0.547845762441829 0.4330566724546287 0.5533866504291202