1 0.8849022605734549 0.3960830018329895 0.19462910622842172 0.23682264220431423
1 0.5029814448111967 0.11088191608382805 0.1971621103776066 0.2217638321676561
1 0.284585719706306 0.17271528975132275 0.20495129958972588 0.25356203174361786
1 0.06140832883451273 0.517144731070397 0.12281665766902546 0.24487720452587258
1 0.19717527239630955 0.5565576831931146 0.1797378120372805 0.2221302245620255
1 0.4863813275851129 0.4418638765352336 0.19631000539858473 0.2389180960164204
1 0.46069239812125584 0.6190684146562951 0.1983227912913561 0.27433476268308704
1 0.5298666053800072 0.7622184509570403 0.20727081618646537 0.21193172651326955
1 0.38429215102104086 0.877880506901155 0.2163857070582587 0.23490899557380043
1 0.6904525983310373 0.4923412464311678 0.2521348755244535 0.31431807181592364
1 0.16868618733801954 0.3433311489745414 0.24339849295103008 0.27051958990083225
1 0.5810687107832363 0.2734949771087814 0.1976357070582587 0.2347635498285265
2 0.1707460561142422 0.819269791571639 0.3414921122284844 0.3277513486814309