1 0.6496082536180446 0.10410955905357544 0.22421650723608924 0.20821911810715088
1 0.5263765507682256 0.32520618560104236 0.24444047602842467 0.31753978120746473
1 0.40931628278954413 0.5588084946874019 0.21714099163225703 0.29631320661779864
1 0.4629336849826792 0.8057710973240304 0.2160698145630356 0.3086675257595829
1 0.4134493413596859 0.9232970869324703 0.21404921189493056 0.09883358252577897
1 0.8985093368371301 0.716022123690316 0.16765889077317447 0.14640080925442736
1 0.47567943068726615 0.10049609140472988 0.2576088613745323 0.20099218280945977
1 0.3533983169378847 0.07465818381786594 0.2005466338757694 0.1493163676357319
1 0.8260467593837959 0.5481823864020399 0.24353307326946272 0.3340607670159158
1 0.3176853827441156 0.6813095341343308 0.2435330732694628 0.33406076701591564
2 0.6784867639063515 0.7239902842696144 0.36834936680159913 0.4598615264318539