1 0.5365047674844703 0.3952380006177815 0.20095004922121246 0.2674272837218093
1 0.2834302094212622 0.8752049790747805 0.17981919530200424 0.22898151288140792
1 0.11761367814673837 0.6232870183933308 0.1930466210079671 0.2628968590396037
1 0.9109375 0.5427083333333333 0.175 0.27708333333333335
1 0.3294424252437445 0.43928896383112 0.1963989415410805 0.27345902891248597
1 0.825530163565262 0.3442425782412832 0.19639894154108042 0.27345902891248586
1 0.5563137799543755 0.8729264909991347 0.19342705423577727 0.20880294397604474
1 0.6555382608205527 0.2593550422420392 0.1939271594086268 0.2317196106427114
1 0.35136993487716295 0.12077874755292929 0.20518290815498563 0.24155749510585858
1 0.5266821719450392 0.06751649752465662 0.2314893438900784 0.13503299504931324
1 0.746463474531464 0.07359121222801217 0.2085519490629279 0.14718242445602434
2 0.7106422641192579 0.6342558274821383 0.4110932420159342 0.5269577437289321
2 0.44182406795932394 0.6436441032166812 0.2923312186589692 0.37782412509895436
0 0.015458830100024851 0.3141831995162404 0.01900606426490724 0.08413360096751923