1 0.5562040273237547 0.2458624055508241 0.2514544574527388 0.35859182296811176
1 0.4630938558771736 0.44800667083133283 0.23105105386194272 0.33570623735195276
1 0.8227774072050333 0.5927280157947689 0.2074317466803503 0.2916715872820255
1 0.7513619912194013 0.30101226724466135 0.23567492134838516 0.3215965006992715
1 0.6978466266598249 0.20598257208382895 0.18836358411256365 0.21686053389275053
1 0.4334846656910446 0.06880769296031888 0.20178066861791083 0.07036465726804012
1 0.38946493745565447 0.663582588947892 0.20591469847574836 0.3019303883884748
1 0.36328125 0.8614583333333333 0.2328125 0.27291666666666664
1 0.2233723048439013 0.5748949067847426 0.24047150565734077 0.3470700973799235
1 0.3510034429166035 0.1636447510489072 0.24174311416679295 0.2805612962734743
1 0.28485872980652394 0.8135011958601038 0.22007719242562418 0.3262678450970976
1 0.27920012402754624 0.4982074675057924 0.2091396924256242 0.3251627861755762
1 0.6640625 0.934375 0.209375 0.12708333333333333
2 0.60859375 0.7083333333333334 0.4421875 0.5791666666666667