1 0.7809529337649274 0.49275587597354853 0.19574221741393635 0.3381693554609953
1 0.33850013140720014 0.2551121363323246 0.18828254448624282 0.29800329869479936
1 0.4750557608372339 0.5039314419548309 0.18193970258518863 0.24339958945348575
1 0.8077024816740301 0.7198463477585182 0.17537136760421673 0.23240019935395656
1 0.6378011585560565 0.6392381200214637 0.16099053262324467 0.22067240496334908
1 0.2359375 0.9677083333333333 0.1625 0.06041666666666667
1 0.5844812044879929 0.8713988680374355 0.16794086958138302 0.24417179506287828
1 0.46262869809938334 0.3721934596102331 0.14491986364988402 0.2046322630478592
2 0.29721065064739094 0.6576253737886685 0.24950388737588022 0.3639558379736606
0 0.44579007209220955 0.6411838815567137 0.055353344866803766 0.07786981584599886
0 0.4273318211408075 0.11714556934263617 0.055353344866803725 0.07786981584599866