1 0.23196812181095217 0.25817109588549253 0.1972251706127025 0.23683476268308704
1 0.13990919907221774 0.6638999152982611 0.21138326546195146 0.26401505984660306
1 0.23587579012844487 0.81992638094876 0.2110006281890479 0.2577650598466029
1 0.6625 0.8479166666666667 0.234375 0.3
1 0.7380277057401775 0.6226844843773736 0.22726335697722072 0.26830293130099797
1 0.9150675352966531 0.23324729129711033 0.11833515394280311 0.12169388732620383
1 0.7448345257537552 0.14125873743516765 0.1826207945496865 0.15134537314378343
1 0.4060593260533176 0.2616058626019957 0.25101959243335303 0.32471049752504455
1 0.49332059680610296 0.43215505919196384 0.25101959243335303 0.32471049752504455
1 0.38203125 0.921875 0.1796875 0.15208333333333332
1 0.34743452771060923 0.5936005775387282 0.2475119551604493 0.318436256567499
2 0.6965570381715909 0.3680754202354989 0.43561721728842107 0.5593649630446156