1 0.3940155611886131 0.8374596618476836 0.23253174063022614 0.295543830858378
1 0.20096551883774366 0.6755400558131868 0.1980476563212707 0.27027718032537584
1 0.60546875 0.93125 0.1921875 0.13333333333333333
1 0.12545399707313376 0.3353506985412123 0.2509079941462675 0.37070139708242456
1 0.3759847413175971 0.31438542895697025 0.22786242134838536 0.2996741360887261
1 0.09205516891249842 0.569471168486983 0.18411033782499683 0.301442336973966
1 0.75859375 0.865625 0.2109375 0.26458333333333334
1 0.2947988947120016 0.119999103821397 0.22915221057599683 0.23718625656749895
1 0.7194893016224475 0.37330193428699143 0.22786242134838552 0.2996741360887261
1 0.5086068646577723 0.1799929427466072 0.22786242134838536 0.2996741360887261
1 0.8293779069104458 0.25644203446775576 0.23243174668035033 0.2726271641917112
2 0.5303535578689634 0.5676747499281996 0.443170300542293 0.5867513083472696
0 0.23122623234060669 0.3653476180038174 0.09428633118569747 0.12364389539303602