1 0.3596949477304145 0.06763211436226838 0.17251489546082902 0.13526422872453675
1 0.4259177254900467 0.6487781665417125 0.20903772721932726 0.29167189234972235
1 0.641049196085952 0.862072156917453 0.19204863466105593 0.23910365780064827
1 0.4838741023465543 0.9211605709238884 0.20014882213985136 0.13110975531833352
1 0.7376538336574148 0.6099134755602307 0.2282242368379741 0.308920440475278
1 0.6035367169677082 0.09737717869912008 0.19769843393541642 0.19475435739824015
1 0.16725450970346487 0.44517523290337946 0.1958283990890261 0.26420063804379645
1 0.351795723127794 0.8637511627419904 0.19868058057737184 0.253880951620278
1 0.7408780042611692 0.25535888792097144 0.19733633538669543 0.2621657948320372
1 0.4693130614248962 0.6338787764709717 0.20903772721932726 0.2916718923497224
1 0.3495213395630465 0.09239009922798597 0.18761410580511537 0.18478019845597193
2 0.4539980523544035 0.3476628937455088 0.47667169363888123 0.674672762409445
0 0.19631947241000383 0.27121602862287014 0.09540675843752053 0.12577758383953713