1 0.4873583889401939 0.7338060412886106 0.16155766823232476 0.2692383850044446
1 0.6473810471432851 0.29596225570171225 0.1554294945971538 0.2003914047612965
1 0.6848215920086702 0.12634901393231449 0.20089318401734033 0.25269802786462897
1 0.553428107864273 0.035362079914860844 0.15998121572854593 0.07072415982972169
1 0.4498165314288568 0.1967424523827773 0.1893032366340588 0.29714605040453723
1 0.2920418287839034 0.22041419972254597 0.16664001038216938 0.206980835612315
1 0.21029827609659774 0.30118191134833316 0.1650775103821694 0.20693234549074094
1 0.2345750231834131 0.6957553724679164 0.16055661035393454 0.24632171833777788
1 0.23401982828979323 0.9158622249248147 0.12539338410204498 0.15576858257296303
2 0.6836565362670056 0.7861265995467586 0.23827135765251128 0.3465174207184262
0 0.3130269758989537 0.5754528176303702 0.0757882262518895 0.0918138789257408