1 0.5608689107121674 0.3823218438038584 0.17199555113509035 0.257084714118659
1 0.21152524999670472 0.6306310539929721 0.21122169236879246 0.2717069473251387
1 0.41495598741480305 0.7623886639808701 0.18085235389503396 0.21801071675488093
1 0.22499959455954316 0.40578138271291736 0.19080009821299113 0.262270052724436
1 0.44728587743398435 0.18626565277692747 0.20905126623205436 0.34445383533528706
1 0.6343235961811009 0.7379617133604541 0.18948306006354426 0.2809351633961768
1 0.5959358372559425 0.08519653718705818 0.13990007142762995 0.17039307437411635
1 0.8339949448044244 0.10479643270198205 0.1698057597392327 0.20908315812373318
1 0.3023767520285949 0.11644208299141193 0.20475350405718978 0.23288416598282385
1 0.4121001741048479 0.424803774652611 0.18613987175194158 0.2640987180729918
1 0.8117768457773591 0.31865466195412906 0.19842168344033873 0.2481111660323986
2 0.751791739850435 0.6335934577460892 0.28639679058178374 0.5276951897583947