1 0.28804415848543996 0.8180632997733793 0.21019258930724707 0.23954006889481505
1 0.4426028558687215 0.8340718660100921 0.21228571032569957 0.2874567355614817
1 0.4365242450206768 0.3838302863493976 0.18086911035393455 0.24695208991824097
1 0.1336498740022243 0.4410813014190739 0.22587777346576182 0.3128446565340743
1 0.5786717605939309 0.0870090021540275 0.17078147881213823 0.174018004308055
1 0.6802041685146735 0.10996283662898071 0.16940098933548206 0.1987444825221298
1 0.13148594745386868 0.11904006978226848 0.18702810509226264 0.23808013956453697
1 0.28975420278612773 0.20738080838523115 0.23397869980235592 0.2839689305968521
1 0.6580388690934884 0.9210090039289344 0.20638577886860787 0.11667189234972236
1 0.7394253769859962 0.9153625176070824 0.18165879465362345 0.12214605040453724
2 0.6122768609892191 0.6290773834879623 0.24986130503579282 0.3260720083576854
0 0.008474110706870338 0.5577272068136574 0.016948221413740677 0.10537891970601858
0 0.00835998961783064 0.45259160866268516 0.01671997923566128 0.0989834493412964
0 0.21978187898154747 0.04500725937222212 0.07293624203690507 0.09001451874444424