1 0.35981271751493066 0.14237027323047124 0.16624586189159735 0.2272027296184964
1 0.5223120643045487 0.11025867302341556 0.16649912860909738 0.1523240699673922
1 0.7786575557551739 0.44848379902119123 0.16624586189159735 0.22720272961849636
1 0.7364479526972918 0.1757799639810254 0.16624586189159735 0.2272027296184964
1 0.76796875 0.9135416666666667 0.1890625 0.16875
1 0.76484375 0.9791666666666666 0.2015625 0.0375
1 0.5352699252462154 0.3609260449423424 0.1551992591180557 0.22010334717622584
1 0.39317399743454884 0.3998234030183769 0.1551992591180557 0.22010334717622584
1 0.2840419188810422 0.8521812101845253 0.16795383225631957 0.23565740330072557
1 0.6207190756068058 0.5183987501004864 0.17482077488562506 0.1820974383785379
2 0.48525500750253503 0.579656469572104 0.1733323164887502 0.2756047576807463