1 0.7484629881229242 0.33214111207902863 0.23160615514950217 0.3067401268987965
1 0.5939490615356222 0.10372168756088028 0.21602312307124444 0.17728251950268542
1 0.5166598804725 0.47576379014486164 0.16972791640826923 0.2528141689456483
1 0.8149157102067195 0.5786299330007879 0.14649067550756775 0.2562534837887038
1 0.49921875 0.903125 0.1484375 0.18958333333333333
1 0.71484375 0.8822916666666667 0.1640625 0.23125
1 0.23189245912698525 0.5886196275320835 0.1849128254152828 0.21168089361629636
1 0.3670160356220022 0.7706723273795838 0.1675250663159841 0.20698083561231517
1 0.21371056291989815 0.7783960504045372 0.16590200956072393 0.23813385536916673
1 0.6703125 0.9895833333333334 0.165625 0.016666666666666666
2 0.32704786551310516 0.3773093774050003 0.32661587137320136 0.46570557370694476
0 0.7793973172388349 0.6836191898398619 0.05330427513842757 0.07030168389037049
0 0.8097125663159842 0.22691027557926013 0.06640505243632333 0.08318960486296305