1 0.6659608713519102 0.415625 0.23096218394862209 0.32708333333333334
1 0.7252407922544768 0.646875 0.20178512485506808 0.23333333333333334
1 0.6279519777009109 0.934375 0.19996779121570665 0.12708333333333333
1 0.5962392052811356 0.7760416666666666 0.21294576546195146 0.2625
1 0.44081825270576 0.7625 0.21294576546195146 0.2625
1 0.23711865210663524 0.5166666666666667 0.22241636031120038 0.28958333333333336
1 0.4003993863548197 0.3125 0.24636404334173853 0.29791666666666666
1 0.33923964831361336 0.6989583333333333 0.22515872303829684 0.2833333333333333
1 0.2326058505991248 0.24583333333333332 0.224361497584104 0.29583333333333334
1 0.2811545340887049 0.078125 0.1501909318225902 0.15625
1 0.16403286997478433 0.89375 0.1434946506088232 0.09791666666666667
1 0.06399170642874047 0.8302083333333333 0.12798341285748094 0.15
1 0.11347411589189842 0.609375 0.1480223960668953 0.22291666666666668
2 0.5930329096926789 0.15208333333333332 0.37018418061464226 0.30416666666666664
0 0.6866078243863276 0.26979166666666665 0.08957242515463051 0.11041666666666666