1 0.42171853115388924 0.5089985114393324 0.21773693313000014 0.3131964620885288
1 0.4709703826931599 0.29042262696146454 0.24629834422416685 0.3399430526590694
1 0.4716607137152085 0.28526281003286846 0.24629834422416685 0.3399430526590694
1 0.3435162234988543 0.18677815246543586 0.22380509517409744 0.30316792665976006
1 0.8883819671336809 0.7315187394485146 0.20142094889756956 0.27264280066045077
1 0.7478498457427782 0.8622235707149334 0.19139133225631966 0.23456060380360383
1 0.18023562670923626 0.2213813741372825 0.15109233415618065 0.16130145023340864
1 0.4564506749618751 0.0845350639618099 0.16602634992375012 0.12268844499482003
1 0.33448540919430564 0.11650132175139684 0.15439917211208343 0.1719121825190242
1 0.45157229815572963 0.6991897358670651 0.19775043502986128 0.24119873504150177
1 0.7685578167730907 0.5731996120712622 0.1935357137152085 0.26799096994641164
1 0.702899062023438 0.7460135017877186 0.20004028685347244 0.2829624345176429
1 0.2952885434060769 0.866375722634002 0.17471297853284734 0.2626599095660514
1 0.32364209422416684 0.344746176728056 0.2077436840799308 0.27719759856501536
2 0.51796875 0.8208333333333333 0.4109375 0.3541666666666667
0 0.29781151852045185 0.6979653374671625 0.08481271751493065 0.11972607223548053