1 0.6627047065961396 0.7498489296665459 0.18835561736154424 0.29297055521102566
1 0.52578125 0.8729166666666667 0.2328125 0.25
1 0.3906660745942306 0.7453688741479034 0.2086499360279987 0.2926228007382806
1 0.43502569661045715 0.5896652909683785 0.18508516669318062 0.2760368764119609
1 0.23247176658977625 0.7756347614617949 0.18350448535963518 0.27382003701242846
1 0.8168024079408209 0.6514741908207239 0.1993112986950898 0.29598843100775263
1 0.7856540473026832 0.36839547706410997 0.15541584802672598 0.2755835944875114
1 0.28671875 0.9208333333333333 0.2109375 0.15416666666666667
1 0.2702557666295472 0.3879468949181749 0.20214539735836246 0.2629221098068175
1 0.24560230665181884 0.1669272917927903 0.19389654535327183 0.21225457947582196
1 0.3173324033259094 0.10008515113818246 0.17436474801081764 0.12106917334809954
2 0.5506801579805918 0.23781939440138003 0.3548896840388164 0.4112888648947964