1 0.6809765988229177 0.6031561178974255 0.24181344301173802 0.28490906527893767
1 0.43231561227904336 0.23614562415328935 0.19239329715018094 0.2565243962002413
1 0.314530568746907 0.14470906000329917 0.26656113749381405 0.28941812000659833
1 0.15633296641748634 0.23036180989040445 0.22141905585660826 0.281406354590022
1 0.2948233355939347 0.44525796472271195 0.2699317989592033 0.32634850746187877
1 0.2559323332190855 0.651658450927902 0.20077900723608924 0.2716536439011063
1 0.2846515547249545 0.784395707825307 0.20069712008095947 0.269570310567773
1 0.08238529059146027 0.5812677174734259 0.12906778154634874 0.2707978983864815
1 0.5660487189038772 0.8681407477779324 0.22447545680654796 0.20059308608404744
1 0.7381184707128995 0.9208777393358283 0.18658595318850324 0.06913357907374759
1 0.8696174542045562 0.8981101198578761 0.1517129862051899 0.09370570631643531
2 0.7848784475342937 0.37654495100496926 0.32131723654387445 0.4047331765405751
0 0.5101461996820003 0.7613271159369748 0.088960680687266 0.12256254183600887