1 0.6900930685206473 0.6108388965984938 0.2204272430727773 0.30943787031313996
1 0.8662734426489342 0.777908727515931 0.26527085136685147 0.3308662452648292
1 0.608768698727685 0.16347518609081782 0.21441239745537005 0.21777120364647343
1 0.646131289161296 0.24821143679949512 0.2204272430727773 0.3094378703131401
1 0.458690786286574 0.1223193901237767 0.19238157257314797 0.16573047152432085
1 0.3919229513195832 0.14504503900921728 0.1851350005656478 0.22079004445306516
1 0.2178401938267127 0.2109046895052552 0.1913262119699997 0.24421689415026998
1 0.2611110316684256 0.29111285092131667 0.19962672752138852 0.2761471381909876
1 0.4404369467014348 0.3406231089100097 0.2194703358154626 0.29485453697980674
1 0.5338143827524531 0.5224679786110938 0.20872832544787007 0.2730008375853971
2 0.37109375 0.7270833333333333 0.4390625 0.5416666666666666