1 0.39463512709048587 0.30533157876166767 0.17220622758291687 0.3070026812443205
1 0.40905215805694384 0.9086652899774703 0.17169446846486114 0.09903388400901178
1 0.6047828853555203 0.8619234505175941 0.18190592306201392 0.14804415896975248
1 0.7855237390789924 0.8699470234988292 0.14651263050895835 0.08570092855814787
1 0.6270787254956245 0.6566112339294461 0.1493129350298613 0.24611759522481455
1 0.4699377195117009 0.7258797054973468 0.1491310970739585 0.23570092855814787
1 0.5511370873872219 0.4513235710957422 0.204762848023889 0.20684591165592536
1 0.19941158643729134 0.45700834948135854 0.16003222948277793 0.23489347156790075
1 0.24261084688652726 0.8407591052462969 0.17631184612402792 0.27421615205802446
1 0.4706573389058333 0.0027632980204943167 0.1805603221883334 0.005526596040988633
1 0.29845307095406237 0.14294726654061804 0.17874586189159736 0.23499735482271558
1 0.36287271476204824 0.5616462696193837 0.17874586189159736 0.2349973548227157
1 0.8270157884689929 0.017974654413581245 0.0959684230620141 0.03594930882716249
2 0.7647073184855204 0.5438789136653723 0.20356794319798652 0.49570017279320927