1 0.6727511606976847 0.26724463706164414 0.22247775862416627 0.3359722825396832
1 0.8193219472670826 0.42965469566875575 0.19587701093324056 0.23840337034576167
1 0.866438120924258 0.7765436849760031 0.19947090263916642 0.2221372218776923
1 0.7578457879835175 0.6182211474467799 0.20730252648462938 0.2704544067429561
1 0.6147006721965729 0.6995874707025943 0.20730252648462938 0.2704544067429561
1 0.33388131621157313 0.6104510322874359 0.21532963996249954 0.298071764341086
1 0.395358184024768 0.3380839759443816 0.2407397430727773 0.3064578614002715
1 0.4988706206414341 0.7063419196013273 0.21790783581546247 0.29000544314015075
1 0.21907864802101792 0.3814286674910784 0.2173022430727774 0.30445527040728504
1 0.17680509071643494 0.16820677668266218 0.1469706192273145 0.25079784289405727
1 0.4213490877952301 0.9497021972068401 0.1413864176249074 0.047298706558386056
1 0.3047671805379153 0.9449983127722398 0.1245502321395369 0.07486330043066355
1 0.26226873930310074 0.7642683477297889 0.14091610885972194 0.22956399136212677
2 0.497879716870972 0.12089088731389142 0.364509433741944 0.24178177462778283
0 0.6314925907164349 0.12935651141872556 0.08665925287472209 0.11305880937615384