1 0.09351186470597196 0.3888058667984294 0.1602529976377473 0.22451269454068404
1 0.3976834987340556 0.2955348426204257 0.16025299763774736 0.22451269454068404
1 0.5839037078123976 0.5679886393573467 0.19640875244707062 0.2356368558986207
1 0.4835812708817562 0.7369094041477716 0.18062006134007813 0.22817345240966275
1 0.3168897894860777 0.8797978039407158 0.19849704210278443 0.19629620326307892
1 0.3654364500078492 0.5444119583772064 0.17744049763774727 0.22584743837853788
1 0.7564285600741338 0.08325648990017932 0.17900299763774735 0.16651297980035865
1 0.8167559025475871 0.42931827473633083 0.17749506134007823 0.2279307717118712
1 0.80172858095589 0.824473962449685 0.14364585099579194 0.1857992910517261
1 0.8691765197006298 0.6009310186683009 0.14364585099579194 0.1857992910517261
1 0.0916096192836273 0.1916172422251375 0.1832192385672546 0.2640754804719127
1 0.25905007386913187 0.23041380735438086 0.18670637023308556 0.22240881380524596
2 0.636636871329394 0.2811364359060351 0.2303670901960187 0.2819350032254326
0 0.5050346964644701 0.21546936906995923 0.0642460384745874 0.07152028062249857
0 0.697177523328827 0.4999378044112969 0.059831356986241604 0.08157292624247793