2 0.6539471770027427 0.7831022931000042 0.21018844499481998 0.31343447596962715
2 0.2558176604629167 0.06827193979511928 0.2831464478903042 0.13654387959023856
0 0.7590841331652145 0.6723247195592038 0.06504711124870503 0.07971910707384187
0 0.2048804383752823 0.9710466832237808 0.06308219685684688 0.023469107073841873
1 0.3279882985905299 0.9032751357427637 0.16374147642635145 0.14234622303829692
1 0.2967147198068137 0.7937512034209029 0.16883569892376152 0.28817955637163
1 0.4893217508240603 0.8072937296739288 0.16883569892376152 0.28817955637163023
1 0.5171770771265772 0.863862723005969 0.1666139193542568 0.18001628404847617
1 0.354991522745079 0.23949985008369026 0.16883569892376152 0.2881795563716301
1 0.5312286910658786 0.25586968361026635 0.16883569892376152 0.2881795563716301
1 0.7384461856891951 0.32846838844852383 0.16883569892376152 0.2881795563716301
1 0.6614191511572918 0.12145277006817293 0.17431941149637406 0.2223631947558604
1 0.576220051695411 0.03127233210922146 0.19619010339082213 0.06254466421844292