1 0.4947274878218401 0.5142251444778442 0.22106034253094825 0.3126996418298494
1 0.5875853693163096 0.31932338319520037 0.22106034253094825 0.3126996418298494
1 0.43482856209213916 0.3593397373869886 0.22106034253094825 0.3126996418298494
1 0.35628832507778263 0.6323767723706848 0.22106034253094825 0.3126996418298494
1 0.6260773047885385 0.06287721084333887 0.25215460957707697 0.12575442168667775
1 0.8047029111192044 0.13449044079124206 0.21936147483619664 0.2689808815824841
1 0.9640625 0.5520833333333334 0.06875 0.24583333333333332
1 0.18566790786949822 0.7415575440825559 0.22106034253094825 0.3126996418298494
1 0.717816565745587 0.17157012371350538 0.19732283360249453 0.2879628699297457
1 0.23603787499505707 0.9451483301079009 0.19467730032431155 0.08587953659641225
2 0.530849768664391 0.8242376673254803 0.3019285129856435 0.28984267330576424