2 0.24775625887895095 0.6833333333333333 0.3528179054675521 0.4708333333333333
0 0.7855722411979237 0.31979166666666664 0.08024451089576345 0.1
0 0.8498589803021603 0.4197916666666667 0.11222648441265974 0.14375
0 0.08312531234936113 0.575 0.08024451089576327 0.1
1 0.5290265822993023 0.057291666666666664 0.18882183540139544 0.11458333333333333
1 0.484972035614156 0.6291666666666667 0.2431701178365838 0.31666666666666665
1 0.5575790091310525 0.5854166666666667 0.2431701178365838 0.31666666666666665
1 0.5832670600035726 0.453125 0.2431701178365838 0.31666666666666665
1 0.6251374857500421 0.3697916666666667 0.2431701178365838 0.31666666666666665
1 0.6265303769676361 0.26875 0.2431701178365838 0.31666666666666665
1 0.6439635314267822 0.18958333333333333 0.2431701178365838 0.31666666666666665
1 0.7049610155873403 0.14375 0.19631726114786474 0.19791666666666666
1 0.6204785748346083 0.890625 0.23937884629715872 0.21458333333333332
1 0.696767559247268 0.746875 0.24317011783658363 0.31666666666666665
1 0.717899150096545 0.5822916666666667 0.2431701178365838 0.31666666666666665
1 0.27672675494367854 0.14583333333333334 0.21217149011264294 0.2916666666666667