2 0.4088465386657325 0.7258922442053949 0.3159718722069599 0.414839252403155
1 0.6314642473094036 0.6817981995759617 0.25942646567298444 0.31651048945821236
1 0.8967853403611435 0.7869533797704096 0.196301419354257 0.16397869841028456
1 0.7653705204687674 0.7588579864595456 0.24187509263745516 0.3059604975250447
1 0.6990242365560366 0.8718542315814352 0.21269270678164426 0.23075444938590645
1 0.5921875 0.86875 0.24375 0.25833333333333336
1 0.578125 0.928125 0.20625 0.13958333333333334
1 0.22721124089926287 0.6463794493859065 0.1921276497095498 0.26808476268308706
1 0.2541803475998539 0.4122771601582951 0.22425094499482007 0.2933271722585436
1 0.2110424696019259 0.2953074815223078 0.21327490363849116 0.24742111605257325
1 0.22668243217453848 0.22878020036152863 0.250304022745079 0.2789498870643482
1 0.4909910270883053 0.059002043189227124 0.16948205417661058 0.11170143741658596
1 0.5439769400324213 0.18958611136451797 0.3004538800648426 0.37306350142753286
1 0.7547175409420441 0.2526625286140233 0.2032834735308672 0.27441960603449683
1 0.6049659057054058 0.5045573000185818 0.20491874813797323 0.2765150598466029
1 0.4266568151348652 0.4531876859172526 0.2049187481379732 0.2765150598466029
0 0.4760426548768363 0.9055316095442016 0.09135705417661058 0.11109541347794476
0 0.484375 0.965625 0.09375 0.06458333333333334
0 0.3535148374656595 0.9306157583878153 0.0913570541766104 0.11109541347794476
1 0.91328125 0.6479166666666667 0.1703125 0.29583333333333334