1 0.48359581300726207 0.7585908316904082 0.252486497584104 0.32134248486024053
1 0.37626128725350694 0.6357586797770157 0.23389599425012414 0.2965551470816005
1 0.5581816116398347 0.883952598150901 0.2104270590935542 0.11602799233349875
1 0.8076698813538499 0.25665763409983866 0.2243934484924896 0.2934514476871909
1 0.844994280295683 0.16671305005782802 0.20765248758216437 0.2481708985955765
1 0.6642225124178356 0.15327685491548224 0.2243934484924896 0.2934514476871909
1 0.6863363706030041 0.06058810301502081 0.17688097758022464 0.12117620603004162
1 0.5087376580256889 0.13466290201001388 0.24336658909937317 0.26932580402002776
1 0.40192967757052633 0.15133996110356795 0.24336658909937317 0.3026799222071359
1 0.27742569027822606 0.843113732508638 0.19492934697528091 0.21781380485765425
1 0.09539295749175641 0.698108544034252 0.19078591498351283 0.27678478102052445
1 0.46052304075666467 0.01162925392987194 0.16957891848667064 0.02325850785974388
2 0.6153554802859847 0.5331661949167753 0.4312167597120755 0.5787822242624087
0 0.3814740431725607 0.2844193203838992 0.07098192182065048 0.09464256242753398