2 0.36015625 0.8541666666666666 0.2515625 0.2875
1 0.5988437199243268 0.36920991699728245 0.22535615514950216 0.3246061866166662
1 0.4578182017257296 0.34447245925283837 0.20869028685861987 0.26879910750888836
1 0.5380342327242534 0.5102395901985789 0.20869028685862007 0.26879910750888836
1 0.5275566101144344 0.5670236451153073 0.20869028685862007 0.26879910750888836
1 0.1251918761535633 0.5843084197299381 0.21033193244739817 0.3352835061265428
1 0.12434887183462666 0.6960793475338887 0.1924039528054638 0.2855441589697527
1 0.24539255705980198 0.7091634546656784 0.1924039528054638 0.2855441589697527
1 0.27371901372277707 0.6358166163370982 0.1924039528054638 0.2855441589697527
1 0.3240601727297907 0.600255929312345 0.19240395280546368 0.28554415896975255
1 0.38149313849206445 0.5344477165571596 0.19240395280546388 0.2855441589697527
1 0.09426564389073527 0.3611056017594443 0.1675040823551131 0.28471120351888857
1 0.13601305289774884 0.32454244046512315 0.1924039528054638 0.2855441589697526
1 0.26028306523625 0.25928008715080186 0.1924039528054638 0.28554415896975266
1 0.8947905821982296 0.8532812929322818 0.18308950956072395 0.2533828187246911
1 0.9421875 0.6864583333333333 0.1125 0.2520833333333333
1 0.8340629218069401 0.20398486666771393 0.1837508436138801 0.23481508677370327
1 0.8649705652362499 0.3298178221185781 0.21281658235511297 0.2899969769402464
1 0.8518383119970474 0.4121878735794423 0.21281658235511322 0.2899969769402464
1 0.7369585818936878 0.12325711706030676 0.18954216378737562 0.09668989783246866
1 0.6461728955887782 0.14166996883524527 0.19234579117755643 0.15502323116580197
1 0.6362867558600962 0.16226909249215887 0.1944485117201923 0.19877323116580203
1 0.21328125 0.91875 0.2046875 0.15833333333333333
1 0.5640625 0.971875 0.16875 0.052083333333333336
1 0.7154547331856786 0.75881780408506 0.2323676187523077 0.30885086019506125
1 0.7278267203857522 0.6121378213643809 0.2323676187523077 0.3088508601950612
1 0.7902976395717985 0.5541680794228993 0.2323676187523077 0.30885086019506125
0 0.7056363355943156 0.26358321652617106 0.09008238433001133 0.12859247464666648
0 0.3444578061369513 0.26495589513080164 0.0717934592838688 0.10367085944086404
1 0.91953125 0.5479166666666667 0.1578125 0.2833333333333333