1 0.38878838939685173 0.08809420508307794 0.2525767787937035 0.1639698647164036
1 0.1966451563623602 0.6192614718600453 0.18835703685222188 0.27896375432744946
1 0.256247165881481 0.33878804112340133 0.22409904721981438 0.30059711146999274
1 0.38560778595726725 0.8836782575727617 0.2007600005656478 0.20644709956538776
1 0.7102408902453236 0.39823759577296547 0.22409904721981438 0.30059711146999274
1 0.876228183741944 0.2887324128709491 0.2065014441095368 0.2939470995653878
1 0.7799258395386565 0.69940126676818 0.23407963996249953 0.28626833116686257
1 0.7065418173893516 0.15165351352176906 0.17718579952888866 0.20381829545304755
1 0.39214641819055523 0.24626389718270925 0.22429453685222178 0.2798001428552599
1 0.557351753157546 0.21994658873962442 0.2685516762490735 0.35987592748693786
1 0.78359375 0.9458333333333333 0.1734375 0.10416666666666667
2 0.5328075402925918 0.5948427667703768 0.43554226955740666 0.5509760346283826