1 0.7 0.8916666666666667 0.1625 0.2125
1 0.7932681824644101 0.6719444432993723 0.17689242116215276 0.21408724192860357
1 0.30625 0.925 0.18125 0.14583333333333334
1 0.434375 0.8677083333333333 0.2 0.2604166666666667
1 0.5356842332825 0.12482285350975117 0.18386846656499997 0.16689897955301503
1 0.5047985624046876 0.1874613959163304 0.20022212480937504 0.2994601072769559
1 0.5175758918112155 0.5172836264449675 0.1555629350298613 0.2432977099135845
1 0.16476524201930606 0.8598186957220354 0.167262848023889 0.1986298234459762
1 0.37852504350298616 0.05817143435485317 0.17267508700597228 0.06185822773705449
1 0.7999831226251738 0.16298458521486214 0.19854790919430557 0.11418912146850482
1 0.8510767632021183 0.4090216776279982 0.14001067021222227 0.2460075679980946
0 0.26314492458062533 0.642277458601827 0.07667290919430556 0.10282601452768438
0 0.2847204921162153 0.046305582861914364 0.09131598423243056 0.04803282310984085
2 0.28074673261690997 0.3995253239501793 0.32882251633625026 0.5173645759342076