1 0.5542980099247975 0.17428599427278246 0.2304281703877141 0.30497811849772666
1 0.4351970612059238 0.4415723232336353 0.2304281703877143 0.30497811849772677
1 0.26920603411761856 0.3978281916184673 0.23042817038771418 0.30497811849772677
1 0.3961237909420441 0.2197976473704287 0.21251292431665564 0.2829437735558237
1 0.3788013961948931 0.07690483190152894 0.2107277923897862 0.15380966380305788
1 0.6865347752262784 0.28304133197859627 0.21251292431665547 0.2829437735558237
1 0.7617809859368642 0.486625210314404 0.22276121960192583 0.30859887079686177
1 0.5965540922231705 0.4647560786992359 0.22276121960192583 0.30859887079686177
1 0.48245747476921236 0.8977219990968419 0.20480312406898657 0.15147540780881102
1 0.1331380632728384 0.7174663817280628 0.20407968610347987 0.22000704206179833
1 0.2734163068626976 0.6752936650090728 0.26244445781510156 0.3737192597610137
1 0.8017552067816442 0.17370176692544806 0.22279545285270289 0.264958053670368
1 0.6631956668730575 0.08772063659065597 0.20578773531769165 0.17544127318131195
2 0.6918987872179905 0.7504722787598072 0.3577954991714304 0.42610356550472706