1 0.7654732019659217 0.29808797301609385 0.18735891066226812 0.22110772953357463
1 0.8226622616784824 0.04643539047302376 0.18907452335696498 0.09287078094604752
1 0.5732141234487426 0.8101984132385841 0.18740437476889085 0.22319106286690793
1 0.16561194279472174 0.23880875546560057 0.20140469028743926 0.29281452585495865
1 0.3653501476636373 0.7506522192080871 0.20145015439406197 0.294897859188292
1 0.2612306681841155 0.10276356776803476 0.18699519780928667 0.20444106286690794
1 0.8438435575344826 0.5189980446279627 0.16806334138279588 0.1947975350514985
1 0.8078558964099962 0.7343367993391274 0.2026034774344577 0.27625704206179835
1 0.22995220526462706 0.713166946329632 0.1682739415410805 0.2759383521779924
1 0.7552129665473981 0.5450131350844905 0.16681909012915472 0.20927168551132572
1 0.9201403184215422 0.1787817608953737 0.15604672618081636 0.28756488918994155
2 0.552435992873864 0.2630717710694328 0.4206955625490476 0.5261435421388656