1 0.73203125 0.9375 0.2515625 0.12083333333333333
1 0.6233112436219044 0.5429829217021714 0.2584494551604493 0.32779766194216126
1 0.4514352121182732 0.12548288637725433 0.24087957576345356 0.2189550673870733
1 0.5194044778700888 0.33339626060397315 0.24572631455356592 0.29812173405373993
1 0.28920705271545843 0.4334094480262233 0.25892768728260196 0.3610582436723867
1 0.15428914514881137 0.10329037265188364 0.19454670970237725 0.20017860423028017
1 0.055820338930195224 0.7535284527507287 0.11164067786039045 0.20289023883479065
1 0.7981681092239385 0.6942395684006721 0.2584494551604493 0.32779766194216126
1 0.7364324812040686 0.3205193151661839 0.21999299091614422 0.2595304600071228
1 0.35703125 0.9333333333333333 0.1953125 0.12916666666666668
1 0.31953189468976945 0.2708135521999581 0.264986497584104 0.307328086624367
1 0.16055589423072747 0.4232407741031625 0.24075177212991122 0.31866406097464206
0 0.40926523482791255 0.7503010073694848 0.06591178454774682 0.08408731252120466
0 0.8989166346878298 0.36673627596072433 0.0816323793969957 0.11182541028250816
2 0.24776975437275 0.7647189680509344 0.3625945633456179 0.45105826133484517