2 0.6874438952029809 0.6250819359941964 0.2668794695529872 0.3164103717304947
1 0.8442034761922865 0.34616967317371145 0.1496737888348279 0.2994891293003744
1 0.5446427959651067 0.7502313840678728 0.15717721662612102 0.22950610101793814
1 0.3553394014494969 0.7848623351695011 0.15717721662612102 0.22950610101793814
1 0.07737504537593154 0.49079471717563566 0.15475009075186308 0.29408943435127133
1 0.08557336475596818 0.27193838606495563 0.16214651775758915 0.2945996173818095
1 0.08320286455957644 0.0986815973779302 0.13359427088084713 0.19362185253191402
1 0.6995363916869396 0.18243733256036246 0.18050563231716552 0.20705701617062874
1 0.5183727500981958 0.14291858871288765 0.24137949980360834 0.19910606223429123
1 0.44516146731349204 0.4413457822446361 0.18051472267624522 0.20914034950396215
1 0.6984375 0.9260416666666667 0.271875 0.14375
0 0.33812112695441243 0.4317799363806819 0.08160452400410509 0.09009317252932784
0 0.9650371091968232 0.7772277958061262 0.05037270472226467 0.09085861899240678
1 0.21548253679172458 0.5935151775866903 0.18872719847574843 0.3016573212215256
1 0.2644780521134268 0.8291654632457638 0.157177216626121 0.22950610101793814
1 0.1734375 0.8854166666666666 0.16875 0.225