1 0.43497717337681624 0.4740201721428423 0.15821358402290803 0.242006101017938
1 0.5890283267027255 0.4179395454839343 0.16152039735836254 0.26317955637163026
1 0.5681453040658606 0.708096963664577 0.184939716024817 0.26364713819098756
1 0.8058623853834976 0.5799496315553554 0.15839539735836256 0.2628394343512714
1 0.80546875 0.9583333333333334 0.1609375 0.07916666666666666
1 0.44140625 0.959375 0.1546875 0.07708333333333334
1 0.7084141260343622 0.4142825460959903 0.15521585335772628 0.2562493123309127
1 0.3079157813892247 0.5819501693081331 0.17082267202418072 0.255866589099373
1 0.37612143606776965 0.7059294594125132 0.20652381468808995 0.23269465900016542
1 0.5406164566756815 0.1472977456836426 0.12810791335136287 0.19085827515786313
1 0.5963761080124085 0.18666824487834396 0.13014312802354447 0.24519500283470919
2 0.19711245202099903 0.22750762627242255 0.18875560669954394 0.3431539268780129