1 0.6346984816445191 0.4638882126679225 0.181827398209672 0.24354708766078279
1 0.6801249097729807 0.8883063771703152 0.1808866594684389 0.19150011904604985
1 0.7146306037929129 0.17420632955189536 0.213738732262828 0.2255607467513923
1 0.6551578693706166 0.019623293833686658 0.20719073874123312 0.039246587667373316
1 0.47398701495939477 0.08843547889778007 0.21359902991878954 0.17687095779556014
1 0.2488065422572907 0.10147949648332949 0.21440006631598418 0.20295899296665898
1 0.23093672424326356 0.18337787662540228 0.21227636181247736 0.2276077153661251
1 0.5506820319213743 0.6034973663467488 0.1804255845145814 0.21438042099411608
1 0.5185356562292365 0.26011101353275334 0.1804255845145814 0.21438042099411608
1 0.821959847314508 0.34064716992076655 0.14961567550756802 0.2552834285701732
1 0.8549678161591008 0.6694138246828282 0.12385421190476231 0.27133189502063215
1 0.5726256855297172 0.7020556877754771 0.17609902991878953 0.18930769155691535
1 0.5362364049926187 0.7748579880997888 0.17609902991878953 0.18930769155691513
1 0.509422383554819 0.8516087667791642 0.17609902991878953 0.18930769155691513
1 0.485222222388337 0.9501981807399393 0.17235466378737557 0.07892738960884885
0 0.7868977390457748 0.7502532684051157 0.060054922886674154 0.08047579653628295
0 0.4177355313030656 0.8641709518432577 0.060054922886674286 0.08047579653628295
2 0.29767934299557125 0.46547480952632025 0.32621535317460404 0.45500778679375503
1 0.35174148904577485 0.7603808425353421 0.20558627081949093 0.18583195454365722
1 0.8336306415743835 0.8763911190548372 0.1359746776670363 0.1987788755399701