1 0.7885908430895541 0.3111555358434826 0.22937037919390768 0.30313235760545326
1 0.6657492824901162 0.6171339781062666 0.22937037919390768 0.30313235760545326
1 0.7111622973208391 0.8226755113831302 0.23740104781181853 0.35373905934993244
1 0.640625 0.9291666666666667 0.2 0.1375
1 0.4984375 0.925 0.19375 0.14583333333333334
1 0.5463821798343964 0.8244574379079567 0.1980567466803503 0.286122217294204
1 0.387088993066113 0.8308307223205852 0.21845105991206681 0.3064496418298494
1 0.20162769515609869 0.5675542278175476 0.2184510599120669 0.3064496418298494
1 0.4479805203898678 0.646040332768636 0.2184510599120669 0.3064496418298494
1 0.34665280708339646 0.15500188728041941 0.24955561416679295 0.27554311547443194
2 0.52853004185989 0.3128273677523321 0.43831008371978014 0.5776039573419278