2 0.4216598139190876 0.5700003267359227 0.3268998850476402 0.44802537890335686
1 0.7422682714700223 0.3107287803301384 0.23751922247985355 0.37165344013336643
1 0.6225137867917245 0.54554414313457 0.23730105386194253 0.3216534401333665
1 0.7464274888817102 0.7896529717614841 0.21981357201231527 0.25223663323623385
1 0.6378519195998695 0.7896993123085192 0.23730105386194253 0.32165344013336655
1 0.5198331726249317 0.8057343657085357 0.23730105386194253 0.32165344013336655
1 0.5140053534412867 0.8882381982061083 0.19609427088084708 0.18674401777044689
1 0.4342405853891099 0.9090380907897839 0.1959397347764936 0.1513273511037802
1 0.35457581128680893 0.9069213167067929 0.20536018657189176 0.16210773062342837
1 0.43869628123257964 0.9619812343632932 0.16735112646343317 0.04398621254483572
1 0.6761897952777357 0.07447497167280807 0.22574540944452864 0.14894994334561615
1 0.85784677791293 0.6749323696678703 0.23898172852997773 0.34879739227553014
0 0.8570069614597596 0.5093679884767005 0.10992951190385654 0.13132664995145024
0 0.16281205474570543 0.4592297156684095 0.07233860831306052 0.10903846520619116
1 0.568222238292535 0.277904444181377 0.2136726563212706 0.2769941580009128
1 0.43486990368899203 0.058987240433088554 0.18651019262201593 0.11797448086617711
1 0.08572335568078185 0.22476065610992163 0.13193177693097133 0.16134197994174027
1 0.11722281967462422 0.34539297052890167 0.1509817587805987 0.23081940564770326