2 0.5122860174844702 0.4588632590111139 0.20604672618081654 0.2926148979919956
0 0.3605847766556703 0.5479529013115444 0.060966243731793844 0.07752759992470691
0 0.45677546654739815 0.6313356590864068 0.060966243731793844 0.07752759992470715
0 0.08741536427754251 0.7534376525414255 0.05646060015828456 0.08549691221135305
1 0.1450674252437445 0.4646626068461533 0.2507514724198929 0.33976242776107785
1 0.07207489146193823 0.22917596833585266 0.13933058762187225 0.237518603338372
1 0.06321436850068464 0.28776225606802996 0.11906355172849492 0.23802451213605996
1 0.2143533196751836 0.24438460675203705 0.21464883636823098 0.25792627341870367
1 0.33813414898378563 0.16248583817148218 0.21304087226160834 0.2557215997364745
1 0.7118948755603136 0.6709058026230887 0.205546621007967 0.2696982313253289
1 0.8 0.8729166666666667 0.18125 0.25
1 0.5765625 0.8979166666666667 0.18125 0.2
1 0.6918598572179135 0.4676090658007974 0.19603522868809903 0.26272018923195406
1 0.7531453835443794 0.16663737097776463 0.1625407670887588 0.22892204190514231
1 0.8534576206122557 0.11723282698932487 0.16941524122451135 0.11506675066518378
1 0.5767984615328332 0.6988908589358208 0.20113190564770314 0.2818342102786417
1 0.5005829540109857 0.780323841491031 0.20113190564770314 0.2818342102786415
1 0.370233875956025 0.8471539153426693 0.20715458511458973 0.27190290500755815
1 0.49025659012915473 0.23565351517326008 0.18312605172849494 0.24299946644078776
1 0.6132083568222021 0.25872039922824697 0.18312605172849494 0.24299946644078776
1 0.6872643192794722 0.07832908333970355 0.18077863855894433 0.06395414012301685