1 0.1921225266612951 0.484375 0.20227367349399666 0.26666666666666666
1 0.19396720576989948 0.7104166666666667 0.17957962613895004 0.24791666666666667
1 0.49740635004235234 0.059375 0.19268729991529537 0.11875
1 0.690678936930525 0.12395833333333334 0.22176712613895014 0.24791666666666667
1 0.6171217976373953 0.3770833333333333 0.22698524715740262 0.29583333333333334
1 0.475306023959872 0.38645833333333335 0.21560813140062188 0.25
1 0.3758381030261241 0.553125 0.21560813140062188 0.25
1 0.3287047687687873 0.4875 0.15653696828879457 0.18541666666666667
1 0.68603433745287 0.85625 0.1991794945971538 0.19583333333333333
1 0.7018846635353503 0.5291666666666667 0.21459166297065302 0.2625
1 0.7810400844690982 0.3625 0.17176712613894995 0.24791666666666667
1 0.7516887005082277 0.7125 0.21448524715740264 0.29583333333333334
1 0.12886220541696364 0.215625 0.20817506299888788 0.22291666666666668
2 0.511359832120611 0.759375 0.42240270492285337 0.47708333333333336