1 0.90625 0.3260416666666667 0.184375 0.23125
1 0.690942060368052 0.15304561574522874 0.19511362087727804 0.2644614694389824
1 0.8399633892931296 0.1693773203046877 0.16659377872743378 0.3238041582346351
1 0.37189519973176877 0.3401272517172161 0.21055661035393455 0.2618734583744894
1 0.5022435814147392 0.1804806818648633 0.1913669945971538 0.21430360387876507
1 0.5703319707078689 0.4278435889169295 0.1725707629424182 0.3181856204755045
1 0.4565116653897274 0.5167668392665651 0.1951136208772782 0.2644614694389825
1 0.11489404181102611 0.40271233526652334 0.20467063140062186 0.2695753294669533
1 0.14522409684681903 0.7198047468842411 0.21082962613895004 0.2681234583744896
1 0.49578220783603805 0.06247953885938732 0.2071894156720761 0.12495907771877464
1 0.7173588891519553 0.3805546940296131 0.21516851564384112 0.22500492061535884
1 0.8735465179217414 0.6148315302627315 0.2184601156156063 0.2647461195089095
1 0.31536374964706415 0.465112941345802 0.15837248407381016 0.20682176044753361
1 0.26397263879901944 0.9233374910023587 0.15298776308359247 0.11916389488731624
1 0.3356406393637168 0.13460095269309985 0.1840697050640278 0.2692019053861997
0 0.26763669411716107 0.8455437626480473 0.08690773677523325 0.10211687469152035
2 0.5853177468044667 0.7349773900233788 0.39154754707269784 0.4523132022252836