1 0.7369987420369051 0.1584476783807088 0.17087248407381014 0.20555129755137252
1 0.5941279735504664 0.23756477482466057 0.17792612087727822 0.2601184824166365
1 0.15083299985882567 0.21006571869078428 0.1405927208490433 0.29636416409499244
1 0.3024766127730089 0.5634141661498718 0.21873313140062187 0.26775630680447954
1 0.5987075996894164 0.48494741722653084 0.18150614718563746 0.2708021612157013
1 0.4152378631259447 0.08010402117632726 0.19922572625188945 0.10627159160822017
1 0.34167853676111576 0.1423122239325716 0.1807025103821694 0.21676900061523377
1 0.5884427468044667 0.8379529004675791 0.1491794945971538 0.20784887929125187
1 0.56171875 0.9770833333333333 0.1421875 0.041666666666666664
1 0.3421875 0.9354166666666667 0.203125 0.125
2 0.751853528445085 0.7657797162175489 0.19933068401734033 0.2868540612772245
1 0.20633736014217297 0.5541618764119608 0.14080555247554416 0.22996450956072395
1 0.3228863652626705 0.7633737949796983 0.1702200366905286 0.22625112481850682