1 0.6059195742735943 0.8681307351824323 0.17926258035608367 0.22546689415027005
1 0.4660270056853381 0.7371152137611984 0.20612508928453738 0.25127459798998614
1 0.7539906558474939 0.7329897729675375 0.19263533360249455 0.2934940488983718
1 0.7506452877457052 0.5104345289268202 0.17816373051823947 0.2607134998067572
1 0.8189567313323136 0.31236875802102076 0.17183190990138825 0.2537832557660398
1 0.14594060227677147 0.8045061010179382 0.17183190990138844 0.2537832557660399
1 0.27907425081407417 0.4956194676910703 0.18287850405718978 0.2633070161706288
1 0.4437367686709817 0.46764254042657183 0.18912850405718978 0.2639872602113462
1 0.36796875 0.8916666666666667 0.1921875 0.2125
1 0.8727503384770537 0.6854127125694142 0.18912850405718978 0.2639872602113461
1 0.8259488453736173 0.13683727438489227 0.18247730925276534 0.11347707718080814