2 0.36081713196213816 0.371875 0.3209146733768161 0.4270833333333333
2 0.23257066923936795 0.9229166666666667 0.2513090560152721 0.15
1 0.12581706532463677 0.3333333333333333 0.25163413064927354 0.325
1 0.13765125728041153 0.5197916666666667 0.1881738040260897 0.25625
1 0.7876416192711846 0.6104166666666667 0.22918061203054396 0.3
1 0.22281495591982187 0.7875 0.22918061203054405 0.3
1 0.5016757525859583 0.7927083333333333 0.22918061203054396 0.3
1 0.39026663259868494 0.6677083333333333 0.22918061203054405 0.3
1 0.6581166565881855 0.7708333333333334 0.22918061203054413 0.3
1 0.8402597313017287 0.3104166666666667 0.22918061203054413 0.3
1 0.8985711232893202 0.4322916666666667 0.19482379336408967 0.3020833333333333
1 0.9091262679424117 0.565625 0.17138629336408934 0.3020833333333333
1 0.05152504264800086 0.5083333333333333 0.10305008529600172 0.2833333333333333
0 0.6927142113303638 0.029166666666666667 0.07707157733927232 0.058333333333333334
0 0.7584210273313182 0.019791666666666666 0.07690794533736352 0.03958333333333333
0 0.4190221726607275 0.058333333333333334 0.07587270401018138 0.1
0 0.3003036092457313 0.8604166666666667 0.07267497867599956 0.09166666666666666
1 0.5689307186505462 0.15833333333333333 0.20072834802672598 0.2625
0 0.7143341253182734 0.14791666666666667 0.07587270401018138 0.1