1 0.4741691474440211 0.6641939923957165 0.22971867728066225 0.2994068250030769
1 0.5168511128962743 0.578872057376644 0.26900431788754575 0.3317776372585219
1 0.45836828850994654 0.8550720152208674 0.22420225879399172 0.23468998560354445
1 0.5801952332094144 0.9336674799557014 0.16179836939505615 0.053200952085641025
1 0.5977987397081963 0.34891994037159885 0.24830918061464224 0.3237920583979336
1 0.5338009151526907 0.022441793133997013 0.1676018303053814 0.044883586267994026
1 0.8556755283388291 0.12269839091915546 0.1645404742462447 0.14876727328657616
1 0.14982272274843272 0.7411218465977603 0.15618584030732108 0.1646329035560484
1 0.44135755000969834 0.3078368681924435 0.20098789940087514 0.26172055521102566
1 0.87890625 0.221875 0.2390625 0.3104166666666667
1 0.7707573628962743 0.5571773216192911 0.24645963819098746 0.3443583795988687
2 0.26493818440766403 0.4663656703703695 0.4240100375918627 0.604076343816908