1 0.5987261170023693 0.5838958888848808 0.28622645560836624 0.378995577610661
1 0.3541295477156261 0.14220624565527074 0.2198659045687478 0.25239166418396425
1 0.2091256236503538 0.07257146208852881 0.2129987526992924 0.1315583308506309
1 0.25784989542196346 0.7602969660857661 0.20518809793005194 0.2680880027558861
1 0.32403377032171715 0.5751999641554434 0.2380723755244536 0.3261816261359011
1 0.4464084456363893 0.3946378100328685 0.2380723755244535 0.32618162613590124
1 0.09618699315152275 0.3771889823539115 0.1923739863030455 0.32104463137448974
1 0.12412718277623835 0.585767769781299 0.2482543655524767 0.3393152114678533
1 0.8331351605688104 0.70821394154395 0.275904262247062 0.3617467140871476
1 0.63203125 0.8447916666666667 0.2578125 0.30625
2 0.6962676582937253 0.31607344471562404 0.43478420000928875 0.5273118637966971
0 0.021517034643371555 0.47396120540370124 0.04303406928674311 0.09792241080740247