2 0.6797351427036802 0.4318974542407858 0.22939878803308938 0.347890506231518
1 0.4610300486950896 0.32550020859046336 0.20199994668999893 0.24937345837448946
1 0.25580510467059075 0.0643526857622059 0.19742044000636333 0.08239106058738804
1 0.3652533773472266 0.17324100886397942 0.18326812802354436 0.24956240498521437
1 0.4662704373408634 0.1210022702781082 0.18254087468172667 0.16622907165188103
1 0.5689687233449995 0.1719674644723456 0.1848124466899989 0.24763693721209842
1 0.6083488493395907 0.12286803625788843 0.18232269867918127 0.14122907165188103
1 0.7298693133354545 0.09455654995484292 0.15973862667090888 0.057768953808837925
1 0.8179538527211794 0.6175856907598053 0.13007040268936265 0.23586164260449063
1 0.7141668760741329 0.7996380987784665 0.16448176535645337 0.24350135159593927
1 0.7125 0.9145833333333333 0.175 0.16666666666666666
1 0.67890625 0.9354166666666667 0.2109375 0.125
1 0.365625 0.95625 0.146875 0.08333333333333333
1 0.365625 0.81875 0.20625 0.35833333333333334
1 0.20202940806013361 0.6105160605873879 0.1441147213558171 0.23519909931311347
1 0.4242487587125888 0.4935075023651379 0.14567722135581712 0.23535696487333102
1 0.5700436113939972 0.6529017333519109 0.14567722135581712 0.2353569648733308
0 0.6795795066836355 0.2351803198010032 0.07256589067472703 0.08642848243666545
0 0.6999732753421359 0.1571031715306043 0.07256589067472703 0.08642848243666545
0 0.800301086688408 0.2942109679377403 0.07256589067472703 0.08642848243666551
1 0.1778170120146357 0.1615888083045623 0.1271999413589988 0.2647125781507226