1 0.3900665148659287 0.6612228232509362 0.25355471741393637 0.34736285092131663
1 0.8265625 0.9635416666666666 0.20625 0.06875
1 0.68984375 0.9354166666666667 0.2453125 0.125
1 0.91640625 0.4395833333333333 0.1640625 0.2875
1 0.40155984140676254 0.09457728527258807 0.2281196828135251 0.12657211879916413
1 0.09340242049341654 0.5593746561654562 0.16095604053191018 0.2729159789975792
1 0.30582948323126713 0.4527197727419672 0.19682987353571574 0.2747440488983717
1 0.7653476991623286 0.8131556770069621 0.2046423735357159 0.2755943539492686
1 0.9234375 0.609375 0.15 0.29375
1 0.18131230288919983 0.3529966806146421 0.21921420950527087 0.2937915697075496
1 0.17559944965662017 0.7520826456642459 0.2013263725471326 0.2690042319289098
2 0.6511618878701718 0.41451668084021265 0.4969704308735398 0.668705335781557