2 0.43030017803898274 0.832836238857129 0.23843494929333287 0.3067886170203707
0 0.39764810513652804 0.1778963430868051 0.0623427580585183 0.11836382092175933
1 0.6157468283690749 0.5256129526369437 0.1959549233743516 0.2534930306476854
1 0.6826226786046306 0.623333916922962 0.1597836860510183 0.17752322821620367
1 0.5673365970780097 0.2890593809548142 0.14960760367592557 0.212551973910278
1 0.5840736206879169 0.14092450874106413 0.16212672752138851 0.26075958130638904
1 0.45181146748310264 0.5525309252806476 0.1871267275213885 0.2615354232515742
1 0.33600124830305644 0.5945881257614348 0.1871267275213885 0.26153542325157425
1 0.23934227884018627 0.7368869059029163 0.1871267275213885 0.2615354232515742
1 0.18821715065939887 0.49418031446393496 0.1871267275213885 0.2615354232515743
1 0.22450383958513923 0.21445601139916637 0.1871267275213885 0.2615354232515743
1 0.6382231699339815 0.050997896024490424 0.14529195909527762 0.10199579204898085
1 0.7185258245993982 0.03940534390965242 0.15160074769092588 0.07881068781930484
1 0.7768277572100465 0.16197082193842505 0.1724395109332404 0.22781416894564827
1 0.6832105645611124 0.852015682373888 0.21300572233759213 0.25194308865166687
1 0.6072639277561588 0.9281803162388419 0.19236244872768501 0.1036869911339816
1 0.1701644689437051 0.9594173934913424 0.1676167269557407 0.059258129431944674
1 0.1014144689437051 0.9615509588406017 0.09234332488222216 0.052763936929722394
1 0.7904351786046305 0.619988098534351 0.09409989745537004 0.19835481965518517
1 0.7831195475491212 0.481955578144212 0.1296272943450923 0.19322009245138905