1 0.37443039894104446 0.7266312114895181 0.2161546542193456 0.28246354848290733
1 0.43695016964062106 0.42872593592194297 0.2161546542193456 0.28246354848290733
1 0.2977319366867496 0.2996092123912752 0.2161546542193456 0.28246354848290733
1 0.28920419074393944 0.5435410257267297 0.20025691882984215 0.261387797368968
1 0.1634559427725343 0.667391730638668 0.20025691882984215 0.261387797368968
1 0.5251531477232285 0.7795123341290346 0.20025691882984215 0.2613877973689682
1 0.6875889180157679 0.7123957349883693 0.20686147483619663 0.28856809781454373
1 0.5614610202892442 0.5684896230108532 0.20686147483619663 0.28856809781454373
1 0.7379011948044245 0.13858212253346067 0.20256371266133205 0.19893628092508925
1 0.3784659192368792 0.023884148419273887 0.20068183847375848 0.047768296838547775
1 0.4511551712654741 0.1453591590812741 0.24293534253094826 0.2907183181625482
1 0.5465253616023764 0.9198343119032771 0.21432732710967278 0.14288021514957402
1 0.3900162629823482 0.9024668230426698 0.2023455243497292 0.18226961425842253
2 0.8205030093321956 0.41964957940806735 0.32414225243233685 0.5361710809463004