1 0.4266145731579211 0.5378107351990541 0.20867339439121899 0.26811525538810727
1 0.8330261047042699 0.2599438671605878 0.1842532485296619 0.2422059732556537
1 0.8723088534610743 0.5902048037314412 0.20069712008095947 0.26364549467728954
1 0.15632084181397107 0.1707486678105731 0.20423155585660827 0.2741833989616166
1 0.6197637075995174 0.6249644319531102 0.20423155585660827 0.2741833989616166
1 0.16108914970674423 0.4066614318644343 0.20423155585660827 0.2741833989616166
1 0.6017871500454286 0.1030945033873813 0.19790631275401332 0.2061890067747626
1 0.2718518300553261 0.5854180451310843 0.19955069990914298 0.23447882801062267
1 0.4756850797166418 0.877052649512511 0.211068054047586 0.20996377848126477
1 0.2910610962249852 0.870694311692228 0.2345055540475859 0.21087306061371838
1 0.10101864851931966 0.7608058046979959 0.20203729703863932 0.291274397290095
2 0.3715873156946893 0.24237806123000957 0.4255753686106214 0.48475612246001915
2 0.6046720533702175 0.3738509995610608 0.30199402645796597 0.3799038608247644
0 0.8565356100197953 0.9319623986113534 0.06651911465389233 0.06498537116203996