2 0.3660648406536672 0.24942490032302175 0.3991203186926656 0.4988498006460435
1 0.5137104376520462 0.7486546359306209 0.22323855386194252 0.33318668186662187
1 0.7274911365205781 0.7932796916884107 0.18985336123992677 0.19887738384409323
1 0.36378770570422303 0.7449316649859897 0.19963742739850954 0.293501468993387
1 0.41323319380036627 0.8673532108564223 0.2007999515990063 0.20198048318493608
1 0.5224036607210749 0.904030550781327 0.16601588544042353 0.10502550430419196
1 0.7600183319712643 0.4976577411907644 0.1996374273985097 0.29350146899338714
1 0.741586494539051 0.4264892448226855 0.19963742739850937 0.29350146899338725
1 0.7428586239293503 0.3139164043935777 0.1996374273985097 0.29350146899338714
1 0.7307585997288535 0.22341518459263618 0.19963742739850954 0.29350146899338714
1 0.7128403675846385 0.07205117588175299 0.18369426483072288 0.14410235176350597
1 0.19805414227611468 0.6062800097192894 0.16673402380771338 0.2696088376375253
1 0.15581716618202393 0.4425778999868863 0.16673402380771335 0.2696088376375253
1 0.5610728136245 0.27463822437570057 0.1793703791939077 0.30202428450325036
1 0.3014326305686497 0.8965193922188411 0.1896988251355733 0.16346071717742655
1 0.6156972019917898 0.11825941903808003 0.2073135720123153 0.23651883807616006
1 0.8796808712970717 0.635398648441493 0.18879083098930566 0.313315036319211