1 0.5096623002995624 0.17517016709861458 0.21505039940087514 0.2660401250411561
1 0.33968464014784155 0.1653334204816971 0.19789485030926074 0.23946146943898244
1 0.8606517469558842 0.5795667026572315 0.21996104000775887 0.2955225228282576
1 0.7427793654328565 0.8485510406898782 0.21996104000775868 0.2955225228282574
1 0.5482000601323243 0.7398025823153886 0.23765872303829685 0.30559237732398165
1 0.5550554511982496 0.5507873189680699 0.20251844849248962 0.28961933499919984
1 0.43933446953513905 0.4122742730442314 0.20251844849248962 0.2896193349991999
1 0.4941334109006269 0.3517799037512958 0.14948930121764636 0.20972550263246154
1 0.084375 0.9375 0.15 0.12083333333333333
1 0.1412647917954348 0.8255095983465186 0.2376587230382968 0.30559237732398187
1 0.42530495194715573 0.8468705308593037 0.210203402734855 0.28832532946695344
1 0.5421875 0.9197916666666667 0.2 0.15625
1 0.2828125 0.8791666666666667 0.240625 0.2375
1 0.7367508298463394 0.1509488749898065 0.21399834030732112 0.1727637217218082
1 0.028762986664080448 0.30138970899144873 0.057525973328160895 0.23611275131623077
2 0.2480403055903963 0.5837030669525678 0.429271622439172 0.5692645189618776
0 0.011416376811921985 0.48690084896347785 0.02283275362384397 0.08630169792695573