1 0.2422803721556833 0.6835008235634313 0.20845124837514692 0.30498929467208147
1 0.50625 0.934375 0.19375 0.12708333333333333
1 0.6809966298696163 0.15807513879660626 0.20886825973923262 0.21762280073828055
1 0.44459684861673293 0.6987065258028807 0.24353536038785575 0.3620930947951282
1 0.39140625 0.8583333333333333 0.1984375 0.2791666666666667
1 0.2890625 0.8520833333333333 0.2 0.2916666666666667
1 0.28216721225429486 0.45175557371723973 0.20845124837514692 0.30498929467208147
1 0.35691206777418194 0.3790639512612292 0.2288182954530476 0.31089154019933646
1 0.7782821018631438 0.7938099845699547 0.24328989853730273 0.343343094795128
1 0.8955184204514 0.688331445601086 0.17226828652459397 0.2831686551495023
1 0.8202575474816424 0.4831650801894946 0.19309898376465034 0.32448756734342393
1 0.5746005795453047 0.07823014599483402 0.17107615909060953 0.07288549454903466
1 0.34563187418757346 0.17312133456380085 0.2505023806803951 0.29817729179279034
0 0.7254478336024945 0.33459646925064845 0.07940685633066594 0.10459196997662137
2 0.6151121258091312 0.5499172794512142 0.4135865819776415 0.5951282438784313