1 0.30006455362034784 0.7104435996423584 0.2438492368379741 0.3204057260165989
1 0.3250843678708329 0.4452227434613889 0.17707839908902612 0.27155943136297545
1 0.428125 0.9 0.2625 0.19583333333333333
1 0.5973686287554241 0.809418592250331 0.20202383538669527 0.2714175436119748
1 0.27629217068857254 0.10046189789787935 0.17133434137714507 0.1713167506651838
1 0.7671875 0.9489583333333333 0.140625 0.09791666666666667
1 0.779873560791924 0.5439531113078372 0.2209028101589519 0.337335620783162
1 0.7196950073412122 0.7170424868286616 0.18568950725639405 0.24312080678968354
1 0.5313690510884591 0.07557004845012368 0.1814881021769182 0.08270414012301686
1 0.1899579220393349 0.8526274208396316 0.19499009618646843 0.18147018923195427
2 0.5435987548941414 0.48298305546568615 0.3582986611547437 0.5226495504393048
1 0.5714707506329721 0.20758821331584162 0.1770783990890262 0.2715594313629754
1 0.735101719414779 0.38246492890321304 0.2238095553496283 0.32924496814762017