2 0.7977655819088495 0.48153693018733734 0.3780464891943076 0.40006691666337135
1 0.3260355241010463 0.592557061685102 0.21562354195220043 0.2193834761885931
1 0.31209339241807577 0.4462509870099628 0.18666408404557533 0.23535921320185124
1 0.29220436859937815 0.25705475540848793 0.18666408404557525 0.23535921320185124
1 0.46414798705758187 0.3131927548657718 0.16175508930724708 0.23686071103757733
1 0.5402624370011122 0.23571704761402623 0.17156970506402783 0.2828758679639129
1 0.6619785423051363 0.29589970940942895 0.17040204721387225 0.22041223268251334
1 0.8959209028002452 0.25754987012159625 0.19411256299888785 0.2272077034615202
1 0.7216937185005561 0.1283679274825441 0.21333299985882553 0.20268044480332606
1 0.4366284737622279 0.11964803300462806 0.15174305247554418 0.22205918939264127
1 0.12211094745386868 0.12275539123260361 0.181521557737216 0.22483345237938318
1 0.16912391339417598 0.3355228544355533 0.181521557737216 0.22483345237938318
1 0.13604683190884953 0.4661364718600454 0.181521557737216 0.22483345237938318
1 0.05897391062216574 0.3765273181812191 0.11794782124433148 0.21548190692523714
0 0.32821673428557163 0.11295401839522988 0.07864021046687401 0.08507883982615508
0 0.3584630742986904 0.8706767894985482 0.07864021046687401 0.0850788398261552
1 0.5336527900978234 0.8883094870077659 0.14752598933548206 0.1969864599554403
1 0.10208281363417238 0.6707629696957714 0.19611467875566854 0.27304103679485364
1 0.48904011319653196 0.06560337066650923 0.14066977360693614 0.11149706385157278