1 0.7370829168675185 0.6962586268097218 0.22659462303236388 0.29021971618956166
1 0.65992629307885 0.14240199196895378 0.2282663836760257 0.28480398393790757
1 0.1481957434668376 0.5494605507568137 0.2550909636295393 0.35941223181970616
1 0.44562349245843136 0.15284504480810046 0.26134096362953935 0.3056900896162009
1 0.207881735925269 0.7141215867164159 0.22103303788307 0.2730794528422429
1 0.8600455334435946 0.5100023203046876 0.20151821337743775 0.25660173278630116
1 0.870557426502774 0.29112553579497796 0.25745113912390705 0.34514462960680753
1 0.3078667663436449 0.14021233526652335 0.22823353268728983 0.2804246705330467
1 0.7794239641337425 0.4553166655354473 0.20518951659574647 0.2673341305734026
1 0.8593728161308845 0.81165990868697 0.21717606436617345 0.22917158728202552
2 0.5208680549830195 0.64689500966595 0.5254355866619032 0.654052183695354