1 0.5130268031745004 0.31694065194572024 0.1908795757634536 0.22772028849378267
1 0.1684006030150208 0.5636045369798067 0.17898535364324064 0.26160640606883495
1 0.19913990423266714 0.369811935768626 0.18042030788560606 0.259693133745681
1 0.3312032340790066 0.46073394082598845 0.2012110400077587 0.29506719920116686
1 0.30703125 0.9166666666666666 0.1984375 0.1625
1 0.4953125 0.890625 0.190625 0.21458333333333332
1 0.7421720402976228 0.27372110407821776 0.222543906068835 0.31394465900016555
1 0.15862608772224723 0.1965766196044628 0.16769716727872258 0.22933604000775862
1 0.35768546999418105 0.24655445941251317 0.20168953000581896 0.22682738223170507
1 0.7897494445302898 0.6270371218594438 0.14033744182452992 0.23877494182452974
2 0.5743317386209345 0.6130287329597789 0.4352345800155174 0.5937056796161007