1 0.29709189264907243 0.8203471721785897 0.19134772868809904 0.2565741074364958
1 0.46093308379444153 0.874239338788711 0.24043844655564542 0.217235492069279
1 0.5272076384924373 0.6500958075139724 0.19796144154108042 0.2735317805155937
1 0.4440144244523217 0.039477480706160965 0.16302884890464336 0.07895496141232193
1 0.28971703252816505 0.23155087490104567 0.19712636724704338 0.3067923622458192
1 0.7173359156768331 0.11675251737973184 0.15321123119538155 0.22566140229524173
1 0.3146956151354724 0.5160945223304185 0.20738190564770315 0.2760516234675739
1 0.3623468873053031 0.058181192259846255 0.17469377461060623 0.11636238451969251
1 0.7270328275927425 0.3102478867688545 0.16263169530200408 0.2281812452472219
1 0.4758424006331382 0.3031745190676577 0.15991587226160836 0.24678574204100628
1 0.5387335425572949 0.11351847828736292 0.18022837226160834 0.22703695657472583
1 0.53752404671393 0.2627644549433453 0.1501771594086268 0.22968256575569276
2 0.7476792628656167 0.6471294981424383 0.32568459092057755 0.6187169872882282