1 0.2896353526402544 0.651013308338801 0.18083831614940155 0.2324242714316957
1 0.3816195330322918 0.12609110808509374 0.18676093393541643 0.22026382874473255
1 0.427921581040708 0.47910467923829486 0.1427182680561673 0.1471384835484012
1 0.7703496393007432 0.6677417767785016 0.19161212504240907 0.22676849672951013
1 0.9145981802224015 0.3876695930011805 0.15709328130301117 0.2789827088462154
1 0.1466641134400276 0.7329566021288073 0.2147222428284239 0.21554183665339793
1 0.13894344891154087 0.041972594879197384 0.17211310217691828 0.07800293678025157
0 0.06701630817521724 0.607624134397737 0.08899306733052792 0.121335579720922
0 0.4514557955613455 0.5961727978187011 0.08236112141421188 0.106412689074552
0 0.9688268671530427 0.22892771817214122 0.05234623920022692 0.09229979183762739
0 0.8378273490968752 0.3615925712523506 0.0726041754978958 0.09132001977166351
2 0.17533478358044594 0.38505938539871387 0.35030262268015633 0.4475876508989105