1 0.38309282816454376 0.215625 0.238822867244561 0.30625
1 0.4090987483473702 0.4552083333333333 0.21941789578060839 0.2875
1 0.7422131170396733 0.22291666666666668 0.19772267824559703 0.24791666666666667
1 0.5518664069482601 0.103125 0.22751718610347993 0.20625
1 0.46794732526905963 0.06770833333333333 0.18910534946188076 0.13541666666666666
1 0.17544730210969584 0.14375 0.20538532092583345 0.15416666666666667
1 0.45567187965506706 0.6875 0.19496155128112633 0.25833333333333336
1 0.5414188269261987 0.871875 0.22443072745980874 0.2520833333333333
1 0.29153229694240934 0.7791666666666667 0.22752149420903178 0.29583333333333334
1 0.17618354859503918 0.32395833333333335 0.22752149420903173 0.29583333333333334
1 0.44979425310488114 0.878125 0.20680657981717357 0.23958333333333334
1 0.2969518511190198 0.66875 0.19441789578060834 0.2875
1 0.8315794081911143 0.70625 0.19285539578060842 0.2875
2 0.6501924751880063 0.53125 0.42175529941909956 0.5333333333333333