1 0.8724911985139858 0.752583566113781 0.149426419354257 0.16807693041238234
1 0.3549140926419644 0.9401445593390183 0.18579625889134022 0.0925090672998048
1 0.47426771422975167 0.8512534580811654 0.2401285020669146 0.2631382503735423
1 0.5320888304408553 0.6700863707231007 0.22831770678164426 0.2377139187117308
1 0.32761750020939695 0.7165084825376987 0.21116874813797323 0.28281982633910113
1 0.3092592601341944 0.5050086928833978 0.21709341645877273 0.31841834943225855
1 0.1880884274215367 0.6012520796167476 0.20757286724456106 0.31388796991261053
1 0.49832391418697036 0.452942769157102 0.26229890860088984 0.361782342746172
1 0.21933854321835572 0.22034662998186652 0.19474322745980874 0.25929697158413206
1 0.4919306348223536 0.04411195997215658 0.1692637303552928 0.08822391994431315
1 0.7731270150965932 0.38090645368289167 0.20633569892376152 0.2784713032459438
1 0.6749742671635077 0.13728363917523556 0.22068929735218495 0.2745672783504711
1 0.23055433312694248 0.10028217867546377 0.14389985731976357 0.09920569279472176
2 0.6831332919800106 0.8577138710312463 0.3118194114963739 0.21598733438856357