1 0.6453463710686596 0.23385448148246832 0.21297726866002265 0.24531982633910118
1 0.49160080737356904 0.26893148201008354 0.19801360271317864 0.226024257059629
1 0.8074038849483202 0.10695926726611085 0.18647532541528272 0.21309992539781727
1 0.6715772925710578 0.8400358471023281 0.18727636181247737 0.22976659206448413
1 0.6611917026578056 0.9101002984087309 0.18080751387966068 0.1276226399223205
1 0.49707794031930436 0.8364084870246484 0.18727636181247737 0.22976659206448413
1 0.456184027611663 0.9409277196277441 0.17079216378737558 0.08148621254483572
1 0.33987551203395927 0.7811635815964149 0.19941541640826924 0.25519092372629565
1 0.2655251565430034 0.6894331647756754 0.1994154164082692 0.25519092372629565
1 0.5108583544112217 0.05836188985692358 0.17828329117755642 0.11672377971384716
1 0.2666577714377998 0.0725863945633429 0.19168445712440044 0.1451727891266858
1 0.209318322028422 0.9016380863028342 0.15893251387966068 0.12677397659869694
2 0.6451299182631957 0.49795286434515973 0.3513154827242534 0.4627905686631809
0 0.3193393738464367 0.5594592911063531 0.059754534237726274 0.07509894378455542