1 0.22992095262267642 0.34590164620354713 0.2700136861143331 0.33646448410253194
1 0.44692698891872357 0.22464748853452168 0.22495349163225703 0.29871091508311237
1 0.5681944793077851 0.18191053445836017 0.22701395861557022 0.2719433128702138
1 0.7702604268420788 0.6308259366774513 0.22495349163225703 0.29871091508311237
1 0.7126748196514182 0.2546096337714738 0.2264341044771271 0.2967854473099964
1 0.1803115355030776 0.7071374915679685 0.224953491632257 0.29871091508311237
1 0.2852280868371301 0.8225281535353218 0.22322721732199752 0.29438638285622837
1 0.13028172150586897 0.14700424481738922 0.15777263568479172 0.2524972282206497
1 0.47793348597804747 0.6967437463495938 0.15777263568479166 0.25249722822064957
1 0.6282732434412793 0.40378676461219987 0.21303334577069996 0.2726058561615908
1 0.940625 0.45416666666666666 0.115625 0.32083333333333336
0 0.2865560549520971 0.2623961369385823 0.08205558344622813 0.10789327801086822
2 0.79296875 0.98125 0.2515625 0.03333333333333333