1 0.6249023628234877 0.21195093161351783 0.15321827759614023 0.25048838500444465
1 0.7534091923687924 0.23714140831111025 0.15321827759614023 0.25048838500444465
1 0.2942620633099551 0.32850508244800897 0.18600350405718977 0.24942334422416684
1 0.2304485738599666 0.7077219811306016 0.18600350405718977 0.24942334422416698
1 0.7435503660666033 0.9168899564366659 0.15152731818121906 0.1213217183377779
1 0.5123821866834544 0.9303164944296292 0.17636367694751698 0.10959756028296302
1 0.46573764285525987 0.3523620808023143 0.19395237175194144 0.2600824614987039
1 0.48647901663909143 0.09500464653069422 0.19483303327818297 0.19000929306138845
1 0.634042952511767 0.8504683532193975 0.15426258035608367 0.21095354179268544
2 0.717066137983996 0.5654854848053696 0.35690020535443595 0.5379451205659262
0 0.534767881084137 0.6701414074236569 0.10201824188232518 0.15727003444740764
0 0.1626223254848197 0.4222100761151387 0.06216480925276531 0.09564111474138895