2 0.23681357122152566 0.33669081959472547 0.27522236697916014 0.3393680764905433
1 0.3828125 0.8802083333333334 0.18125 0.23541666666666666
1 0.4078125 0.9416666666666667 0.1875 0.1125
1 0.774551397903063 0.8716163681306607 0.18089879788366633 0.17555902047527117
1 0.69765625 0.8979166666666667 0.1984375 0.2
1 0.6390625 0.88125 0.215625 0.23333333333333334
1 0.607188554720804 0.8534096187672074 0.21167030788560606 0.24472113070230156
1 0.5504286295661738 0.742217215202602 0.22764599425012405 0.27618930670484665
1 0.5399700063780957 0.520390698758723 0.22764599425012405 0.27618930670484665
1 0.6843416307741217 0.5965186712284793 0.26951450091808377 0.32262868448969495
0 0.802485466080473 0.7159481708041149 0.08424719636645754 0.10121208890302971
0 0.6845498274304435 0.23020351034369138 0.08424719636645754 0.10121208890302966
1 0.6651297609200235 0.3974512498938734 0.19486544515850976 0.2507044711436348
1 0.594451372729036 0.07166339210690417 0.24515274545807203 0.12868475026521015
1 0.3212049334895801 0.17253244716739136 0.20905549091614423 0.25300598047951356
1 0.39682668682356 0.19660059829193618 0.21294576546195146 0.2655544640356347
1 0.45298083409840323 0.27240057696793574 0.21294576546195146 0.2655544640356347
1 0.10931045349345943 0.3066143564608478 0.19515248758216436 0.22989537958836215
1 0.8803716078953044 0.5985193477084173 0.21294576546195146 0.26555446403563465
1 0.6561380428826966 0.14858988367278247 0.21294576546195146 0.26555446403563476