1 0.5581471672956007 0.7916324303212285 0.2196658254478699 0.2710218449013676
1 0.6300823729505083 0.5941823306442502 0.24984134099925887 0.30489410034924896
1 0.37338189656041554 0.7669375836366846 0.24890355758740695 0.33793607196615105
1 0.28838359703152694 0.5736389031146043 0.22640384099925887 0.3027088874760144
1 0.14797462756865676 0.44629276187138534 0.21960703685222183 0.2937928307098185
1 0.91328125 0.45729166666666665 0.1703125 0.29791666666666666
1 0.699215915881481 0.2701806812968505 0.23292724307277748 0.30745827757554356
1 0.5424477975026383 0.3487274763597288 0.2393139441095368 0.3101243343417394
1 0.7896712778987489 0.6903951136348913 0.2393139441095368 0.3101243343417394
1 0.24968055640962844 0.798383718960603 0.2393139441095366 0.3101243343417394
1 0.08863043892574034 0.2726110280469626 0.1540217016024071 0.21727794390607483