1 0.16669905047999276 0.694259323444179 0.25206084186749583 0.3591826068805991
1 0.6532434952324383 0.7691933586201455 0.20696117349399668 0.28792429293908933
1 0.39140625 0.9135416666666667 0.2109375 0.16875
1 0.46681244254513266 0.6704059458833509 0.23305323663405883 0.3156452691019593
1 0.15211842391751967 0.34519483091743736 0.22249516823232485 0.2875415697075496
1 0.3390191844408634 0.36135045496720664 0.21662459983059082 0.2599480533436782
1 0.27903869773621737 0.5484467749646205 0.21119364718563743 0.2780178093029607
1 0.8308672372693433 0.6922367974167235 0.22229774715740264 0.3186215086973704
1 0.06579305801956467 0.5069512008117643 0.13158611603912934 0.3139024016235285
1 0.4765625 0.8677083333333333 0.265625 0.2604166666666667
1 0.6925298632671192 0.22922730205527272 0.2434601156156063 0.2690890905167277
2 0.6245324792356612 0.474061741850392 0.4381788943430401 0.5971495010308693