1 0.6686001723962208 0.5330768541450834 0.2250477154367701 0.32172386104081124
1 0.6453815538034209 0.7549746763122681 0.19663887254713258 0.25965763661307834
1 0.49137714471589194 0.697403245102891 0.19663887254713258 0.25965763661307834
1 0.32824313334718547 0.75928386572702 0.19663887254713258 0.25965763661307834
1 0.6633635271488563 0.39707799062156995 0.1674952006080222 0.2245777127092044
1 0.09441853827041696 0.707131911496374 0.18883707654083393 0.2717695053751804
1 0.20974377863173102 0.35951495946923456 0.20741454646340918 0.3060731668032586
1 0.56015625 0.965625 0.1890625 0.06458333333333334
1 0.696875 0.88125 0.2 0.23333333333333334
1 0.7469638888215739 0.2227629644286271 0.22913303756616052 0.25127865894537565
1 0.47240424060845987 0.08882445767550363 0.21769151878308027 0.1320434948980033
2 0.4883064718253795 0.2087873677939346 0.27788355536065784 0.36659261042013547
0 0.5242135024342769 0.5449831690067649 0.0863141847906915 0.11972607223548071
0 0.4655481096583703 0.390011673556382 0.0863141847906915 0.11972607223548053
1 0.3092437825488827 0.8687302042989418 0.16673119665368966 0.19957771270920452