2 0.6993214207579049 0.5930369267872547 0.4851050550272003 0.6465688319921266
1 0.5313252416867298 0.3647428398055882 0.1908021594086268 0.23880388854435897
1 0.6908115534443546 0.26566019945859726 0.231001262074194 0.2942248735326697
1 0.5680620267221773 0.1518547141626696 0.18575094655564542 0.221736703679095
1 0.6882297742148948 0.1329012615602337 0.17354045157021042 0.16246882788236802
1 0.15941313776752153 0.37053514908330315 0.21734793903379807 0.31177331893687776
1 0.19174694998736472 0.6822061340716138 0.17300690564770319 0.2809518157499698
1 0.496875 0.9875 0.171875 0.020833333333333332
1 0.7830646202830513 0.8443967725606032 0.21170569279472176 0.2676228007382804
1 0.4793809937983008 0.593029324486282 0.22341608260730728 0.30397400986834094
1 0.43515625 0.8989583333333333 0.2078125 0.19791666666666666
0 0.2720936795333936 0.6588066101144343 0.08384145407749281 0.125692315442353
1 0.4098139545397112 0.3376626999753921 0.2173479390337981 0.31177331893687776