2 0.2109975818840882 0.478703796736921 0.24678091645877273 0.32873905934993225
0 0.6786239993763182 0.8810757657315873 0.0799829065339754 0.10386234376256075
0 0.956213728493266 0.3059377661080521 0.0799829065339754 0.10386234376256077
0 0.9163806329603268 0.15235725378375967 0.07998290653397504 0.1038623437625608
0 0.0560489086008899 0.348685803564251 0.07678513192686945 0.10153632973143586
1 0.7364835411469319 0.7209531482679741 0.23126292431665565 0.2859803295432035
1 0.6085039745643247 0.3538299972451486 0.23126292431665546 0.2859803295432035
1 0.5982449090151747 0.12399158451615637 0.23126292431665565 0.24798316903231274
1 0.14334339329940898 0.2238790598205134 0.2297004243166556 0.28585898919430763
1 0.16835620181924557 0.12085388073543808 0.23046240363849116 0.24170776147087616
1 0.3046703833746115 0.013320505402846187 0.16871576674922295 0.026641010805692374
1 0.35942658146980344 0.6687641618285178 0.23635283870851378 0.342473010240995
1 0.45800101447291147 0.4856343584524993 0.19125435442427943 0.25586348748747517
1 0.7255587338699495 0.22880112020572418 0.19041960049533807 0.2765754804719126
1 0.535293414596746 0.545435021705501 0.19125435442427943 0.25586348748747506