1 0.21047069561850176 0.6323583052187961 0.1577141083532209 0.22548838500444462
1 0.1743620293646168 0.41496602862287013 0.13696496071058575 0.2123580134239816
1 0.5803143529810466 0.9247176272821752 0.17409677956950453 0.11361875658490751
1 0.7538503604246447 0.7601299392129621 0.17795383374611512 0.22403542325157416
1 0.6367464052956302 0.5379674822722216 0.17882712903138528 0.24903542325157424
1 0.4989531528144308 0.5953111228491661 0.17864303846084476 0.1990839133731484
1 0.37497630541946475 0.4805373128182403 0.17864303846084476 0.1990839133731484
1 0.34077893383167746 0.5658821152497218 0.12696922249741008 0.14961556281611124
1 0.6225984379655067 0.060385454028471924 0.17667812406898661 0.12077090805694385
1 0.6924057080244986 0.3520650434426381 0.1744649607105858 0.21352177634175942
1 0.7965602069910412 0.4757783133265731 0.12922523531769164 0.21419889614944457
1 0.7094755456995551 0.15383319098573994 0.16342045285270287 0.25480052203583353
1 0.1959222363556581 0.9147954422501849 0.17718754631872763 0.15741724670648172
2 0.46597810277164964 0.2087168995700461 0.3399187944567007 0.4174337991400922