1 0.6337471435070023 0.63006179328438 0.23675115690134446 0.25746531168620046
1 0.11822744358614456 0.6586682537869301 0.20701819279472175 0.2546910486994586
1 0.12885975204506406 0.3944667499989016 0.2041659774344578 0.2671183192622576
1 0.08236152210332376 0.16016975162265623 0.16254076708875884 0.22033950324531246
1 0.3206691673261857 0.34583279274605755 0.19066576708875882 0.22099406818012068
1 0.3034315062016992 0.5578236866856512 0.18280780298213611 0.21872891125378496
1 0.4904564815910929 0.4330753333289396 0.16404108260730724 0.28908950324531235
1 0.56328125 0.8895833333333333 0.1859375 0.21666666666666667
1 0.2648931580884787 0.8671857765129047 0.21800115690134447 0.2570289350629949
1 0.91796875 0.5041666666666667 0.1609375 0.26666666666666666
1 0.9080267633278352 0.28141729165842844 0.1821545851145899 0.26035921320185124
1 0.7768499373179384 0.7468762846250875 0.18367162100796702 0.2583122445871183
1 0.44919629875899403 0.6892760584375927 0.18367162100796702 0.2583122445871183
1 0.8431649782923877 0.064392249992311 0.20507995658477532 0.09431074675139225
2 0.3751938797834557 0.1607381363602412 0.3816377595669114 0.3128941991307755