1 0.7999540273237548 0.20822025161606567 0.20883971057599665 0.24025317424052695
1 0.52578125 0.9135416666666667 0.2109375 0.16875
1 0.16358019008793315 0.29341981114568116 0.20109993344863372 0.2567380173141913
1 0.20134887656162898 0.053649382032791806 0.20355224687674206 0.1026440800847256
1 0.4376484282822723 0.5133616682860276 0.21996810811666875 0.28425772727073
1 0.675 0.8989583333333333 0.221875 0.19791666666666666
1 0.7943337237563997 0.7800225221788648 0.21996810811666875 0.28425772727073023
1 0.8636342113615637 0.47639605410465113 0.21697037314378348 0.3133516645001959
1 0.1431364007621258 0.1439705541112417 0.19953743344863373 0.2567016525955909
1 0.23213877166641406 0.517954707790068 0.20109993344863372 0.2567380173141913
2 0.5881700821676561 0.7554307126569382 0.24827491529826115 0.32657895887220484
2 0.41113696701890445 0.14291543668455278 0.18384880093507636 0.24175467207625304