1 0.2848191435236454 0.6883221090331636 0.155417464665139 0.22200901977429718
1 0.19686193579236053 0.8941849482202293 0.15981402393569458 0.20537871454394907
1 0.4553647668144092 0.8973873423166604 0.15494468597979177 0.19492568644096384
1 0.6456449279085759 0.8709147041457623 0.15345492116215292 0.19908023262885782
1 0.9163782680486801 0.6657171022756094 0.13434124525034719 0.17810145355025048
1 0.8997239770142359 0.23257163636325487 0.1707151563445141 0.20338022456202545
1 0.37256075854937476 0.3158168441369767 0.1707151563445141 0.20338022456202545
1 0.16095372416444437 0.13206674330157325 0.170715156344514 0.20338022456202545
1 0.6038607374634719 0.6243972582695606 0.20203789152687507 0.20778930080414854
1 0.3834092992025694 0.18658351483705948 0.161012848023889 0.1845575016893885
1 0.2737939905976039 0.4696872535815053 0.1953527868534724 0.2723120317436178
2 0.5846970826375693 0.33500179235720595 0.3067280043684029 0.38774379859104874