1 0.775942957096377 0.8232307161585991 0.18716078243518836 0.21992214163789564
1 0.40237977095834737 0.873539517830658 0.1660070482746301 0.17219442158195383
1 0.28337450075630466 0.26667605642272185 0.17640895273377605 0.25199255048949
1 0.24468224941892233 0.786848076618518 0.17640895273377605 0.25199255048949
1 0.5462451133971082 0.6066323623621462 0.2048617346647612 0.26108413057340274
1 0.46688648726265136 0.17169052252997136 0.2048617346647612 0.2610841305734026
1 0.41375649740210996 0.007619247850836025 0.1806379948042199 0.01523849570167205
1 0.5842307044984869 0.8666854461787771 0.18933528763096846 0.1724790716518811
1 0.5320737167316325 0.45622215793634896 0.2048617346647612 0.2610841305734026
1 0.39457371673163244 0.4701143272354772 0.2048617346647612 0.2610841305734026
1 0.25965776735205115 0.5183025637544966 0.18767423466476124 0.2593476094110116
2 0.6999717748936197 0.30312454852533743 0.39773692155909546 0.5603308044381822
0 0.25627713317182244 0.052175346331016365 0.060150532183086726 0.10435069266203273