2 0.4243726699247629 0.5438319576350452 0.21101970752810462 0.2756891219392157
0 0.501051869544202 0.3415063972806711 0.05554434585538672 0.08370587291743589
0 0.5574199332706357 0.4706047141626696 0.05554434585538672 0.08370587291743589
1 0.4441373191636412 0.12776606826627443 0.23047536167271762 0.19839154019933633
1 0.26839983152093083 0.034421376719577644 0.15070033695813834 0.035733249021779774
1 0.2827395627378505 0.15470669648086724 0.18452087452429894 0.2755028521471644
1 0.212929787034688 0.3116661947336048 0.1817142095052709 0.2856525066814329
1 0.5712927963890471 0.8112157248554223 0.19389587452429885 0.276303888544359
1 0.72109375 0.9020833333333333 0.1890625 0.19166666666666668
1 0.7741843275294171 0.6311624891965082 0.18812603558899427 0.24048670367909508
1 0.42017596536240787 0.7836823031007768 0.1903888725471326 0.26353687641196094
1 0.18818186604697987 0.8651653310692761 0.16867569863085596 0.2159679642180393
1 0.6011142420541535 0.629951735548175 0.2031435405319101 0.2729382582748868
1 0.6676425088600675 0.5291087312292382 0.2031435405319101 0.2729382582748869
1 0.726211037034688 0.3555229374800074 0.1955220415204934 0.27852072794389143
1 0.2576308388981236 0.5149634752184087 0.17588070357377186 0.2477519884828356
1 0.26747672969686387 0.6797734495139668 0.17588070357377186 0.2477519884828356
1 0.09219554540046393 0.7765461155653998 0.10719437056996624 0.24396105490340858