2 0.358380116158523 0.7369809029361571 0.33993256920082227 0.4400331800635201
1 0.400571638858755 0.35406572612048615 0.20770370653952136 0.2536347546162548
1 0.3462953157407811 0.4182127222179979 0.20770370653952136 0.2536347546162548
1 0.7111708992388783 0.42208452067811886 0.1793877055509384 0.2471665859983439
1 0.828733789543327 0.25636931159511883 0.20770370653952136 0.2536347546162548
1 0.940625 0.6802083333333333 0.115625 0.27291666666666664
1 0.5578125 0.8770833333333333 0.1875 0.24166666666666667
1 0.11898203513188374 0.749703742777862 0.1662510355889943 0.22623628883482805
1 0.09640274509426518 0.4964635982295202 0.170140039543327 0.2512605297923737
1 0.16048780832640727 0.3699075057228046 0.19045253954332697 0.2514180960164204
1 0.5296158572240934 0.15511414753433542 0.23665637749004845 0.28093625656749893
1 0.6645784476422728 0.2009421151360785 0.18595604053191012 0.2576317345801019
1 0.9265625 0.5239583333333333 0.14375 0.2604166666666667
1 0.66439139973317 0.4248459063149341 0.13050453657757757 0.23220751782305307
1 0.6786635108744149 0.07399816730863264 0.17607702174882983 0.1388332526650106
1 0.768970175893443 0.06428448841078974 0.17544035178688588 0.11799991933167726
0 0.25781379448624286 0.28318321636426536 0.06823534684397004 0.08592572677512524
1 0.8381710924325269 0.5907382513557324 0.1793877055509383 0.2471665859983439
1 0.20318069121648213 0.1567476341374819 0.18774403361182795 0.21390597553764756
1 0.30078125 0.9229166666666667 0.2390625 0.15