1 0.4328125 0.8864583333333333 0.228125 0.22291666666666668
1 0.5075984423218892 0.4886899338995048 0.22757998920265834 0.30622072271469086
1 0.773535520514949 0.6276051070698129 0.22757998920265834 0.3062207227146908
1 0.65625 0.825 0.3125 0.3458333333333333
1 0.2298598758490215 0.1703219427587031 0.26215524830195697 0.314397286459629
1 0.32187859269102936 0.28266422846413497 0.2323676187523077 0.30885086019506114
1 0.7023182618770758 0.3930360344966648 0.22757998920265834 0.30622072271469075
1 0.18388843692321835 0.30951524153339455 0.23236761875230766 0.30885086019506114
1 0.8946373673680317 0.5107934753388865 0.1823676187523077 0.30301828262666625
2 0.5207154133259502 0.21577326723283813 0.33044417334809956 0.34515147923382633
0 0.6430877544758202 0.6773335944086403 0.08761871838316751 0.10966020659765405