1 0.36796875 0.8791666666666667 0.2359375 0.2375
1 0.25234375 0.9510416666666667 0.2328125 0.09375
1 0.05804989109776432 0.41337270401018134 0.11371810811666878 0.28091207468702933
1 0.488550457354543 0.4273429805325414 0.26551695745273884 0.3374301938255736
1 0.13982765280522927 0.7146211555803018 0.26394536709365923 0.3353226187141795
1 0.7302374667243169 0.1373625770209636 0.26672493344863374 0.25620443560363415
1 0.6974754845801019 0.32746637879266083 0.21532605991206671 0.2929044569276345
1 0.6073085059519283 0.07295959744320707 0.21774201190385672 0.13045294048375575
1 0.5054435624461496 0.7182103983131474 0.23569310206654456 0.3057196000424222
1 0.21605783381797608 0.46061279026096796 0.23569310206654456 0.3057196000424222
2 0.3845346021647404 0.2215763565138756 0.259312409248137 0.34774989337999784