1 0.34246631859446974 0.6089509929622653 0.22777151775758914 0.2823562175303991
1 0.49293447208707003 0.7197336726145754 0.20129083098930564 0.30048801731419134
1 0.6354355894753169 0.7949178620072168 0.1790158551898026 0.2083122445871183
1 0.6670310231203423 0.8748118230458923 0.19312380698520074 0.21905619372118915
1 0.87109375 0.9375 0.1765625 0.12083333333333333
1 0.8289209273003136 0.38071345183227334 0.1494192587805987 0.22845464826704312
1 0.11156980083688055 0.32652204599466533 0.17922493344863377 0.256228911253785
1 0.18314183645025475 0.7958486093057188 0.19011698165323568 0.24606679761732148
1 0.27180734318775 0.16985094534384532 0.20111811416679296 0.260904683980858
1 0.49538574375348415 0.20734276677037677 0.16656130698520072 0.21843799350498141
1 0.5780800690854491 0.18218676352286747 0.1650442587805987 0.22881829545304758
2 0.6404811168972675 0.5190216542149518 0.37575554156530266 0.5399411677455084