1 0.2597719932625048 0.6341069962097746 0.19652151775758914 0.28162892315838994
1 0.39418685811666876 0.2883123933946807 0.18076016237139497 0.2500152759723855
1 0.49414997579950326 0.10315791774440991 0.21329995159900644 0.18827893506299498
1 0.5902306111417308 0.28141783224570427 0.22156696955298721 0.29262742532266395
1 0.521875 0.928125 0.134375 0.13958333333333334
1 0.7549158007386847 0.42794446103208517 0.16034766842151918 0.22662586796391296
1 0.6518453428931623 0.43804438960445524 0.16034766842151918 0.22662586796391296
1 0.8764151134794218 0.8817680286716865 0.14425906010845893 0.12001222077790838
1 0.6445994276930971 0.030625446422686987 0.14232385538619424 0.03455918939264125
0 0.32843965914994105 0.4378085595208281 0.06756020472226432 0.08698034956648612
0 0.32566009279496655 0.5169024967502939 0.06756020472226432 0.08698034956648612
0 0.2735703519683487 0.39486912770314553 0.07387383723582168 0.10170914177422125