1 0.6724796959341394 0.6310927121274033 0.16913290268936265 0.22680769155691513
1 0.7064183439290488 0.6802926883181932 0.19729426535645356 0.23162892315838993
1 0.7884688699475024 0.4971699053102699 0.21802493602799872 0.2800183311668626
1 0.1943921532861385 0.4589233474044091 0.2150635680299077 0.2986956017296617
1 0.5851187926480008 0.1696783814988631 0.2150635680299077 0.2986956017296617
1 0.2814199859564111 0.42148843885541726 0.2150635680299077 0.29869560172966153
1 0.49006937464195566 0.23125344697419056 0.2053249413589988 0.25681074675139226
1 0.06289779996818327 0.7432643484854476 0.12579559993636655 0.24263796969577148
1 0.19267675397836465 0.20797259253424358 0.21504538669636228 0.29661226839632826
1 0.34869039664227386 0.23141945400753156 0.24048173870145292 0.3471941038939355
1 0.7569568826384558 0.259410080093513 0.21168402936027153 0.26945620562579414
1 0.8691387093014106 0.2932501536876137 0.21168402936027136 0.26945620562579414
1 0.8821803179105949 0.8574152927570419 0.12847154002227157 0.22169554220663676
2 0.4825535825907307 0.7344511764113915 0.3981498827179976 0.5133305757539809