1 0.2625 0.9375 0.228125 0.12083333333333333
1 0.38828125 0.890625 0.2328125 0.21458333333333332
1 0.8434758062377105 0.7810482253969638 0.20757939212119325 0.2812747207092135
1 0.5243706087272214 0.7574808024320893 0.2572959722051057 0.33382140055698906
1 0.3982798601771139 0.6218625468177242 0.25729597220510564 0.33382140055698933
1 0.23111105788809566 0.24309206129215682 0.24036858133331246 0.31005584060773067
1 0.24456378694167857 0.6716645026610091 0.211674896270378 0.27111272202732456
1 0.7827910344428789 0.2066035508216317 0.2338817829929866 0.3055496166280272
1 0.87734375 0.5989583333333334 0.2421875 0.29791666666666666
1 0.6722385010489071 0.6595924012656194 0.21948739627037792 0.27153716866862043
1 0.725 0.86875 0.221875 0.25833333333333336
1 0.6470777547738849 0.148346291252934 0.2285305095477696 0.23879806063310133
1 0.517165111827499 0.12363458833821762 0.2062052236549981 0.20227783269906524
0 0.17690084503026693 0.5226053748538267 0.0782685551888033 0.11640490909992268
0 0.28891467034029467 0.46534551847834 0.11586364357108563 0.14752403031655076
0 0.789185512247062 0.38764132750098373 0.09100535352912935 0.12125069039266284
0 0.7638885917062745 0.31253698823615134 0.08044636182749905 0.09990802108977445
2 0.5209324197155947 0.35437525236866246 0.445935187561734 0.5559138946502776