1 0.4683750932925019 0.41568568338203754 0.1742385733609078 0.27616724670648174
1 0.6890250426480009 0.20476596706907485 0.20848630402608972 0.262650696047778
1 0.8102620539465478 0.5502875984008805 0.23081583736472594 0.31541289108314835
1 0.55390625 0.8697916666666666 0.2203125 0.25625
1 0.5359245779360484 0.6449268271254173 0.19138971069381688 0.2725339713771298
1 0.3015239479630926 0.37195557370694476 0.2273999360279987 0.28198257750666683
1 0.314215946650228 0.17125333789129668 0.27127720536281685 0.29792363424407436
1 0.5387079639958638 0.05735409194305616 0.17883407200827223 0.08677787385944465
1 0.560990401973274 0.27998068882745436 0.19625902402927126 0.2935127750751854
1 0.1356080466263655 0.4001489541534261 0.19469652402927137 0.2934642849536113
0 0.6837615465865946 0.8078909670690748 0.09004429201145392 0.1152639369297224
2 0.34140625 0.728125 0.4359375 0.5395833333333333