1 0.14314572817613133 0.6731712424301203 0.18343437697836446 0.2336301664734241
1 0.22475317503305656 0.5129880228385885 0.1724149898232347 0.23035640606883495
1 0.1968207683173657 0.09921256526224316 0.1717665366347314 0.17427646707901434
1 0.38871501922187685 0.15225167517079424 0.1868050384437537 0.24022028849378269
1 0.637565277023793 0.17000140629440544 0.21386550542706678 0.2161980533436782
1 0.5757280975797222 0.3779736608363333 0.17792136137453235 0.25169992243270645
1 0.7382557530522177 0.47552821720796346 0.17792136137453216 0.25169992243270645
1 0.8388267203742152 0.7582233919599445 0.19495173111680728 0.20999065455485896
1 0.35078125 0.8885416666666667 0.2015625 0.21875
1 0.9015625 0.409375 0.19375 0.2604166666666667
1 0.8462243040475859 0.29332106529457097 0.19839763568479177 0.258077382231705
1 0.915625 0.61875 0.165625 0.21666666666666667
1 0.4010633695151326 0.5653681893120125 0.17800324852966193 0.25378325576603966
1 0.3169263076656305 0.3643268664798895 0.19781778154634874 0.2829073212215256
2 0.5484375 0.778125 0.40625 0.4395833333333333