1 0.252616879976724 0.801459972314215 0.20762053667377875 0.2670081962475166
1 0.45491270361414565 0.7484284076555527 0.2387110400077587 0.2922303295432035
1 0.6500975289185572 0.6845452114080361 0.16469971303635714 0.22635334717622585
1 0.6122950267925253 0.857502000847046 0.19052888939893542 0.1910374734563502
1 0.6969092717915555 0.8851426114833293 0.1410073793969957 0.11876860333837223
1 0.8153083275511296 0.8054514326806026 0.19030549091614413 0.2635901190763297
1 0.24917185514105272 0.3497201126254643 0.20577099425012416 0.28759884888305837
1 0.05338073620503849 0.6342443579819182 0.10676147241007698 0.2856779507028302
1 0.0863285762828386 0.4797948878451168 0.1726571525656772 0.275220189231954
1 0.22040964210469557 0.5655168494477557 0.2137429909161442 0.2654102243097664
1 0.13165028892049688 0.656383558113681 0.18150457576345355 0.22143809101407944
1 0.35961488968879957 0.2602796390749979 0.20577099425012416 0.2875988488830583
1 0.6496177495409581 0.12680858280932386 0.2215235400077587 0.2536171656186477
1 0.9010054221105145 0.3073938502948017 0.16603881455356592 0.2990273331451008
1 0.29317630196655237 0.1043599229229291 0.2480223960668953 0.2087198458458582
2 0.5601255884711532 0.43961068495850264 0.43558526638003536 0.6123131293173245