1 0.26570231430629565 0.8374313791026874 0.21752575599585605 0.2463357298029133
1 0.35581766046291674 0.06922367576590074 0.20538532092583345 0.1384473515318015
1 0.93046875 0.4083333333333333 0.1359375 0.25833333333333336
1 0.11131225909622795 0.609003946788551 0.18696496071058574 0.2194921064228981
1 0.39038117493582813 0.5739267405592863 0.21759853060296183 0.24841906313624657
1 0.23327488047912737 0.1556733928881303 0.21759853060296191 0.2484190631362465
1 0.5111130901562558 0.21984561842062247 0.20702490363849116 0.25815650013659186
1 0.8579818595915659 0.825704460716598 0.21937935442427942 0.25476609594572086
1 0.921875 0.6885416666666667 0.153125 0.23541666666666666
0 0.4375730062007438 0.7369803711082128 0.0671190334984459 0.09147834518845362
2 0.7346982934232434 0.2550252928085801 0.37614739288512417 0.4578312456552708