2 0.29229821655640553 0.6213857557032126 0.31229145843375933 0.4082989677125641
0 0.14382214775075655 0.4747685687830694 0.07479218639013112 0.09142443964562592
0 0.10715267423386013 0.5155814353266893 0.07479218639013112 0.09142443964562592
0 0.518673590345074 0.07570752004429858 0.06890281930985206 0.06810725478036198
1 0.19765625 0.8864583333333333 0.2171875 0.22291666666666668
1 0.8390682178169133 0.17632669544727744 0.22186356436617344 0.22635665227021112
1 0.62578125 0.8489583333333334 0.2265625 0.29791666666666666
1 0.7699372614768409 0.7762475498584991 0.19980289406758586 0.1912877400762895
1 0.5136261853817249 0.35150855644149315 0.19675430372251163 0.2221372218776923
1 0.3877956588986214 0.2968110590131674 0.19675430372251182 0.2221372218776923
1 0.38838162285713684 0.8692060939707164 0.19675430372251182 0.2221372218776923
1 0.463993264074731 0.774172200283009 0.21100247402109956 0.2565386037406185
1 0.88984375 0.8885416666666667 0.1453125 0.21875
1 0.8338572858662575 0.6048785955088007 0.23756497402109958 0.2588082068660029
1 0.8504270628535643 0.45352954553956254 0.20267652179152656 0.21642124614248862
1 0.6460673447845494 0.42979025086748107 0.2050038462971587 0.2311380855420211
1 0.23954419317539513 0.40028700698904973 0.22251912822814396 0.2388566522702111
1 0.10254335086268493 0.2758785852344042 0.20508670172536986 0.2388566522702111