1 0.11494630478524315 0.7329699928017722 0.21489216314779927 0.3201066522702111
1 0.33201325365015266 0.5038776814691779 0.235177389608849 0.3197588977974661
1 0.3842870454530476 0.3241753937861463 0.1731489480508353 0.23121882788236806
1 0.837228633519769 0.646933387818386 0.1487762394466933 0.2769993974898492
1 0.7627116489410446 0.7966415905746304 0.18742963636243815 0.24908704914482652
1 0.8973813348203106 0.2941405562323151 0.16361030681713337 0.21791779148517348
1 0.6554296140413036 0.2318472023378883 0.18430463636243816 0.2488200370124283
1 0.5512875848203105 0.26456896256921564 0.23482283360249454 0.29267556446413273
1 0.27701824188232516 0.17766373431770738 0.1731489480508353 0.23121882788236803
1 0.4391241444768176 0.7575475015380844 0.2748478157455871 0.250313388851976
1 0.4962605344927037 0.8300620532545852 0.19537850405718976 0.2601712461424886
0 0.9471491042987757 0.6979454791189893 0.07315685633066593 0.10405794571182507
0 0.8219058222384088 0.43024033928879324 0.08908186525911965 0.12830967304048263
0 0.23602246387585266 0.8015832932324359 0.11591710064862308 0.15141260949920057
2 0.6421558668806775 0.5293369689430316 0.3961808936660388 0.5769930104835747