2 0.6508254313646347 0.7456581805051281 0.2804532191310198 0.34994052413143495
1 0.6757933746035153 0.44840950984482825 0.20513231456303557 0.29860453211870136
1 0.88073542288535 0.16681894020859295 0.20209584577069997 0.26103178051559367
1 0.7647153544771272 0.31010264849951724 0.2025871687014785 0.2735317805155937
1 0.860007922319523 0.43307224147977014 0.2010246687014785 0.27345902891248586
1 0.8182066039113003 0.5798116509183153 0.2025871687014785 0.2735317805155937
1 0.90078125 0.6208333333333333 0.1953125 0.275
1 0.9421875 0.7739583333333333 0.1125 0.24791666666666667
1 0.5484375 0.9197916666666667 0.190625 0.15625
1 0.38699530472495447 0.8186343230403597 0.19691702283992144 0.24831352570627038
1 0.2929963212332979 0.8277745177190039 0.1565376843053107 0.2526719840254671
1 0.22203204601852716 0.7880787380473732 0.22289302464894378 0.3139881330862207
1 0.10534915705437516 0.7161012043538365 0.14740834577069997 0.2584854744068205
1 0.1546875 0.9416666666666667 0.153125 0.1125
1 0.1271578007682256 0.37815478209042885 0.18812187697836444 0.22294976769073122
1 0.28476890490666856 0.3605390698058713 0.28703741180407344 0.31905428214697423
1 0.40039282564431194 0.12781753138782928 0.18803998982323472 0.22086643435739792
1 0.5426157044316987 0.4130953327155518 0.18812187697836436 0.22294976769073122
1 0.4602203635222388 0.6182507397352989 0.18812187697836452 0.22294976769073122
0 0.7976218662357722 0.730658206998816 0.07128185775648763 0.10729498560030255
0 0.8600776006319399 0.7522818953215743 0.07128185775648746 0.10729498560030255
0 0.7837784514910227 0.8942957694917477 0.07128185775648763 0.10729498560030255
1 0.7282788082314575 0.09733478631024338 0.20655761646291496 0.13646829013424053