1 0.23838018198597286 0.07725880732127452 0.1923853639719457 0.15451761464254904
1 0.4855729619047624 0.2283644149747738 0.19512843460686646 0.2718702097452941
1 0.6343807017257296 0.2397064250522927 0.14036178901808824 0.20079784289405733
1 0.5770394825673698 0.8909995177925415 0.18872014342931004 0.13853687641196094
1 0.44026137337578614 0.8524810394856637 0.1521003254152829 0.21839905202411766
1 0.8529010757198247 0.8527856107419685 0.13387195712440053 0.1628973246954601
1 0.8037069023717252 0.5473894108650152 0.15190006631598402 0.21423238535745098
1 0.7407179441675904 0.4283040489479488 0.17209145280546387 0.27820095208564105
1 0.6979950138796607 0.08104453372708148 0.14036178901808824 0.16208906745416296
1 0.344304019121448 0.43916441702965314 0.12569611659283933 0.3489287579672701
1 0.3142345897563687 0.5316848838193665 0.15875084361388012 0.2272664096222473
0 0.725497966528241 0.8134660960378961 0.0796059592838688 0.10224162451089
0 0.23556366748800336 0.200566793133997 0.09058303207825791 0.1363759942414178
2 0.585266585437432 0.6214888525655204 0.3607510394795135 0.4478543224314028