1 0.27183793166885317 0.13895507621830255 0.16601838410204497 0.15950399685032976
1 0.4302643526731883 0.07848552739419608 0.1769712946536235 0.12466934300852553
1 0.2711351924745455 0.5313856347176013 0.24379331555913666 0.3336111523235144
1 0.253377087029347 0.27483139672677337 0.24379331555913658 0.3336111523235144
1 0.11616441983009147 0.42791338305794807 0.23232883966018295 0.33145506738707325
1 0.33591251108804104 0.8047421299365504 0.24379331555913666 0.3336111523235144
1 0.6268560295038925 0.8109822614479361 0.24535581555913666 0.33368390392662234
1 0.7658722978491568 0.7109888993152076 0.24535581555913666 0.33368390392662234
1 0.893694189984884 0.759735615706489 0.15360938936371654 0.16100531735880044
1 0.5 0.8875 0.2625 0.22083333333333333
0 0.3837463974679861 0.15773485830873135 0.0812037683452643 0.10981482855228261
2 0.6288174318100275 0.35389561801219627 0.48465905219319544 0.635899553043921