1 0.4062101411129581 0.6394757017952325 0.2223312846991515 0.316604655509676
1 0.3712274645256561 0.41720970300124743 0.23469158235511306 0.2821706347045662
1 0.3591210834348472 0.21424847731150695 0.16453976866002265 0.2481999216036209
1 0.311385687846069 0.15069352253977086 0.17325343460686646 0.2674958359711526
1 0.7167147355020306 0.09584446291368959 0.17826230721668548 0.19168892582737918
1 0.547091166712811 0.928548555707886 0.17674177513842756 0.08086929895920321
1 0.223656061840164 0.7881034961561659 0.19336567550756784 0.26474854666006825
1 0.7018299290513121 0.8372581607136597 0.20476425046142524 0.24270534298145233
1 0.7418880228220758 0.5616709430144442 0.17155123226282817 0.23207916930448605
1 0.7842071283130316 0.4636037901425875 0.17926360271317882 0.23054175033868418
2 0.560151459745294 0.28694976858304194 0.4223684623661878 0.5257582994107823