1 0.2216506777582959 0.3049735109200236 0.21566373051823948 0.26479496405106245
1 0.3824012171255588 0.24861649214025613 0.19225350405718977 0.264327382231705
1 0.2925531075451867 0.7152410733475576 0.20014782467404083 0.2714276872826019
1 0.90703125 0.5458333333333333 0.1828125 0.25
1 0.5451018145277711 0.341217806693822 0.19044554220663662 0.24540732122152562
1 0.5900733952908919 0.32010790932235733 0.17602848620028233 0.21679343879657792
1 0.7347080109570486 0.2245502804407961 0.17602848620028233 0.21679343879657786
1 0.12117693952612343 0.615454423238005 0.2305171631477993 0.3267421798093435
1 0.290625 0.903125 0.19375 0.18958333333333333
1 0.7706781075451866 0.7672797424624479 0.174684174511885 0.2332900444530651
1 0.90078125 0.875 0.1953125 0.24583333333333332
1 0.36783197686479147 0.4467458210282829 0.20935918344033883 0.25994805334367826
1 0.58828125 0.878125 0.2015625 0.23958333333333334
1 0.05811032913826767 0.2674104686896116 0.1127296452908918 0.26815427071255654
2 0.5467985024323367 0.590006079016976 0.26203989853730275 0.35097673334626456
0 0.15835756533854997 0.4759559484924896 0.07929776217486464 0.09808638384230241