1 0.8010740504799928 0.70513556355994 0.1965851156156063 0.2509636382507987
1 0.9239717661379514 0.5252160460089628 0.11635158404557515 0.23537207900045634
1 0.36286214796209626 0.8477797723227934 0.20125720506402772 0.28650154253512594
1 0.23951971338005856 0.32127858036383244 0.18775614718563743 0.26309992539781724
1 0.019494181668853132 0.3593032342746172 0.038988363337706264 0.2144398018825677
1 0.61640625 0.8635416666666667 0.2171875 0.26875
1 0.51875 0.928125 0.146875 0.13958333333333334
1 0.6523536423474886 0.36546756470384645 0.20917612087727822 0.253531922054774
1 0.7953524844267459 0.33449523356965 0.20917612087727838 0.253531922054774
1 0.325170245091264 0.5103323755603136 0.22791071032569965 0.28961539561857325
1 0.3989864476656302 0.4328518886243412 0.23645125241907436 0.30658515632939115
1 0.11773165848543998 0.8340959526697788 0.22643921558737148 0.29163811014307633
0 0.7161409394907737 0.051782366586414184 0.0989681210184525 0.05167503281414163
0 0.26220532643541616 0.17816507785655 0.11676183674699833 0.13763726876028048
2 0.5542031106362831 0.17592881903672336 0.40096877872743375 0.32336679792323325