1 0.6009053457231323 0.8697916666666666 0.20671133538669526 0.25625
1 0.7423958973597455 0.634375 0.19432046279135698 0.2604166666666667
1 0.8111508426430895 0.48541666666666666 0.19281252649368774 0.2625
1 0.5074082506329722 0.16354166666666667 0.19432046279135698 0.2604166666666667
1 0.7769791953681618 0.284375 0.19281252649368774 0.2625
1 0.32109136015110257 0.8947916666666667 0.1944643065307547 0.20625
1 0.2584971017135821 0.771875 0.19119546279135696 0.2604166666666667
1 0.39451890335019535 0.5364583333333334 0.17322422359113016 0.17083333333333334
1 0.6473487482707195 0.37604166666666666 0.17373514427970277 0.25
1 0.7026165685116543 0.010416666666666666 0.18960813702330856 0.020833333333333332
0 0.6797743901881695 0.8385416666666666 0.06969743030721923 0.09583333333333334
2 0.15295636360966364 0.14270833333333333 0.17920140507947585 0.16041666666666668