1 0.14116212822784766 0.7030832728320912 0.20890614057694462 0.24325444938590646
1 0.28900021618375044 0.7146453247427897 0.21548344889756965 0.2620529313009977
1 0.4666303344405211 0.4191884207592101 0.21548344889756965 0.26205293130099794
1 0.20994261692559046 0.3026294493859066 0.19313567021222236 0.23479991126484498
1 0.09081271684934053 0.4141901122810127 0.1722425951740974 0.29088022456202545
1 0.28688893626413225 0.45945517212761566 0.22391419794763906 0.29753020036152855
1 0.89609375 0.30416666666666664 0.2046875 0.26666666666666666
1 0.7140625 0.9302083333333333 0.20625 0.13541666666666666
1 0.5842503262723959 0.17638381810349038 0.23459712480937506 0.2830317103796051
1 0.3240206878796529 0.12541348529386834 0.24491637575930572 0.24769988706434817
2 0.6834223634102088 0.7114557456329277 0.4473919848011114 0.5700604007230574
0 0.4248097764042365 0.6636225333020784 0.06704333605604167 0.08175906010845845