1 0.8007221769010691 0.8139360901670336 0.22249197100406093 0.2891762734187035
1 0.6421875 0.8989583333333333 0.228125 0.19791666666666666
1 0.2679177737541516 0.6418653364646496 0.2501558960502036 0.3141557260165989
1 0.3078125 0.9104166666666667 0.2 0.175
1 0.2703125 0.8760416666666667 0.203125 0.24375
1 0.3401396344868948 0.3954952732304713 0.2042030459579185 0.26492486291418327
1 0.49010696098191175 0.22835157480554102 0.21341735965300904 0.2946982313253289
1 0.6831944293650791 0.1429730868474848 0.20861114126984165 0.1946982313253289
1 0.7182343561092648 0.40917396748880663 0.21341735965300898 0.2946982313253289
1 0.5768338078349944 0.10439226944034136 0.20883238433001133 0.13452424535645383
2 0.5174462068198586 0.6058287782568524 0.45167403300110853 0.6203832345507616