1 0.34615878110318893 0.3163872449200383 0.23566688045579803 0.30670639394705174
1 0.342481977262587 0.13284750642227897 0.22208454152049334 0.26569501284455793
1 0.5776236398101571 0.15026702397325623 0.23566688045579803 0.30053404794651245
1 0.6956348576812038 0.3454866556709824 0.23566688045579803 0.30670639394705174
1 0.7778624258562619 0.4380162639230676 0.23566688045579803 0.30670639394705174
1 0.7709598739556452 0.766020026305407 0.19855419961943904 0.2157894468194532
1 0.17856276281440023 0.4383772198472136 0.24656988836446342 0.3570701068000331
1 0.28020222277678164 0.6872589032290968 0.24656988836446336 0.35707010680003315
1 0.7038134777196975 0.6396115154405163 0.23566688045579803 0.30670639394705174
1 0.5621034105704037 0.02950946415096068 0.19766817885919252 0.05901892830192136
1 0.09746923690127293 0.2773097774260343 0.19493847380254586 0.23888796991261046
1 0.9038479698110322 0.6817916891014152 0.14909802768032918 0.18057693041238235
2 0.4912471521302658 0.5989579589169262 0.3951585800752372 0.5209803705457486