1 0.23872490106148136 0.8025965997364746 0.1811348925821967 0.20930211206076688
1 0.3734375 0.8541666666666666 0.21875 0.2875
1 0.64921875 0.9947916666666666 0.1828125 0.00625
1 0.71640625 0.8708333333333333 0.2390625 0.25416666666666665
1 0.8452571048158115 0.638885693693638 0.22486496042459264 0.33108562078316195
1 0.6701409181356516 0.5827085816328711 0.23177670171816517 0.3087756558609743
1 0.7013455732694628 0.36601109386304725 0.23177670171816533 0.3087756558609743
1 0.5650728013340525 0.1487695185869251 0.19577060266810484 0.22497750853416248
1 0.1850322557657512 0.5066120769829546 0.24369684757972232 0.3346250383032448
1 0.8222888370642727 0.29232431826692995 0.19568871551297526 0.2228941752008292
1 0.8787712104245925 0.3818665567960538 0.22807849163225705 0.2939496418298494
1 0.6909768820667471 0.16166241667303688 0.14816526232447202 0.16312530508285103
1 0.44228923507353635 0.6512085433296261 0.2333392017181652 0.30889699620987016
1 0.52734375 0.8375 0.2609375 0.32083333333333336
2 0.35430347693293596 0.35463786623373206 0.5035100180902231 0.6829634800954477