1 0.4348501603282914 0.5869212177964804 0.1682238009350765 0.2452844215325354
1 0.2066352984991895 0.26011570345332824 0.24188855991206681 0.30078708021193573
1 0.32970411807561784 0.5178736176729242 0.21848742134838534 0.30802913949865196
1 0.6631433319712643 0.537757817076074 0.2766271742752515 0.38572094881364094
1 0.9093461662802198 0.5012994395865942 0.15887607201231546 0.2510979119138886
1 0.13481379889197295 0.609222858926513 0.1588760720123153 0.2510979119138886
1 0.23009150009819587 0.08303900798726636 0.16794199980360824 0.16607801597453273
1 0.9461972473677214 0.2902511527151146 0.10257152985783762 0.23597885420200757
1 0.64130066910889 0.3523543819878038 0.20894879488495235 0.2700926298800051
2 0.47876482855341884 0.20469243424430722 0.37997034289316234 0.40938486848861444
0 0.8434631328081448 0.20546942518689656 0.06601588544042372 0.0926389006638613
1 0.2540268863241863 0.6765740279554323 0.19959197560311143 0.2738227869280249