1 0.5427642169207086 0.10173328217553444 0.20822156615858275 0.11474611950890959
1 0.3456058531466991 0.6841623532618059 0.21056583703942983 0.2940706517357936
1 0.19004672043675003 0.5100424639067359 0.2170067345801019 0.3384521139766631
1 0.37734375 0.8583333333333333 0.2109375 0.2791666666666667
1 0.8283097897185907 0.5786972119221964 0.2090669695529872 0.30849611950890954
1 0.6109763230924697 0.7693328318320912 0.2090669695529872 0.30849611950890954
1 0.5397325821676561 0.796524948842201 0.2090669695529872 0.3084961195089098
1 0.48828125 0.9604166666666667 0.2234375 0.075
1 0.16259440700864172 0.35303421715615674 0.21369083703942993 0.29438638285622837
1 0.655440958041914 0.2517202019579601 0.21369083703942984 0.29438638285622837
1 0.7867393923743105 0.7912593740232114 0.226354463502863 0.3331493073379673
0 0.6524967234618121 0.5682290030644095 0.06917724687674216 0.10486275131623071
0 0.7061989612633679 0.44130476544513314 0.07857042759490121 0.10997661134420156
0 0.1663239158874363 0.21480828160992474 0.08168633723582164 0.10820900913130298
2 0.4113137081401099 0.31355150789738445 0.47424758371978015 0.5914253991856443