1 0.6708655383897695 0.30322265291375256 0.1345982332097769 0.19959151123189872
1 0.7287747529104068 0.4131660994433423 0.14090279691210786 0.2022575679980946
1 0.4970436032732266 0.42334137355503254 0.17097224282842377 0.21960883763752528
1 0.44560261044480265 0.6318056255390607 0.15065974282842381 0.2177149864807217
1 0.5185714068087564 0.16674907206865053 0.17636907095872498 0.24712921354550546
1 0.44041417967424723 0.051392077213180905 0.18792164065150557 0.10278415442636181
1 0.3742509771345092 0.11360785394838602 0.18369049763774728 0.22721570789677203
1 0.6311855126138717 0.0070160377662519665 0.18137897477225665 0.014032075532503933
1 0.4237846302302506 0.8697207674545505 0.184216287293461 0.1896699653614661
1 0.6140425863981855 0.6576659190893298 0.18111113466105594 0.24964958945348575
1 0.8199850846689051 0.26334130471659944 0.09479168874473984 0.2270538089182919
1 0.8258779645206376 0.07593410458787268 0.09479168874473984 0.15186820917574537
1 0.14767354193314844 0.669974495695808 0.08314486061443875 0.19895070957744895
2 0.28182783104070797 0.4278203319887917 0.2509375397405318 0.4161848521652097