1 0.360455712744774 0.6130288293332915 0.2588722839891055 0.335201559620793
1 0.26139512841685014 0.7668773045718441 0.25740078925077736 0.33712702739390893
1 0.5753001917686739 0.5279172738771647 0.2918513839608707 0.3779422041584738
1 0.8411618682464423 0.3286972119221963 0.19852704721387227 0.23576839945296785
1 0.32934367868508135 0.39936037815691505 0.2231322050640278 0.300478517296011
1 0.13610816012805554 0.5696207208888749 0.17939761561560635 0.26079948050347546
1 0.633539813069475 0.1874202885407142 0.21395462613895014 0.2684391894949242
1 0.45297308155591365 0.07791481356948522 0.2028211631118273 0.08479012504115607
1 0.7978129576242765 0.4580994467753493 0.2063241366622938 0.271816528360504
1 0.46788399196631786 0.24120414137057206 0.2231322050640278 0.300478517296011
2 0.6875 0.7895833333333333 0.4 0.4166666666666667