1 0.6357276254086848 0.543149508328066 0.21607283360249455 0.27621354848290736
1 0.2775253875835494 0.45914178394866906 0.21607283360249455 0.27621354848290736
1 0.09791752841021431 0.5734364053150917 0.19583505682042862 0.27812718936981656
1 0.22263688474088025 0.1199242666560611 0.21722623051823947 0.2398485333121222
1 0.9249828145310662 0.34495114205394717 0.1411819277582957 0.2833832764693322
1 0.6022042390462466 0.7769555563335809 0.23495920129724618 0.28692111648630125
1 0.5440152325501296 0.2696282567897621 0.23495920129724618 0.28692111648630103
1 0.2859163603911511 0.29550315016976 0.19842168344033875 0.24053022225757414
1 0.7834010608776184 0.1815563856355217 0.19683190990138827 0.23842264714618022
0 0.873114577112968 0.48843521228521947 0.08902731818121908 0.11802420623805977
2 0.34256618628630314 0.7414084790473363 0.43313542288703194 0.5087013387438752