2 0.4279659021302657 0.6638995502221665 0.4787642589344296 0.629903673597456
1 0.8465076550960152 0.6873785875803117 0.225782544486243 0.3031933128702138
1 0.8057128532325797 0.48368428744045744 0.225782544486243 0.3031933128702138
1 0.6685670444118808 0.8428511098429595 0.22578254448624283 0.30319331287021356
1 0.38515625 0.9125 0.2015625 0.17083333333333334
1 0.1953125 0.9708333333333333 0.190625 0.05416666666666667
1 0.9286145009514021 0.6162630644847307 0.11621654349765968 0.2858927236549983
1 0.9439583166550023 0.7296157845406722 0.07712486859280006 0.230020616876448
1 0.5821838058177683 0.2333157839750627 0.20671420950527092 0.29088225948093877
1 0.7858619041446131 0.15880984179632746 0.1907761917107738 0.17711933499919982
1 0.060754474791129054 0.4680886868624627 0.12150894958225811 0.29867737372492537
1 0.10024740906893848 0.7715306481367371 0.20049481813787695 0.2929655928142722
1 0.2081613739928263 0.29165604675677176 0.2067778765014653 0.292965592814272
1 0.6220381901907179 0.4421394846681416 0.2067778765014653 0.2929655928142721
1 0.36561572973404494 0.1654602049914069 0.22501854053191012 0.27819331287021376
1 0.4660375409890207 0.31562053085930375 0.2251458745242989 0.28235997953688047
1 0.730496630418617 0.3036792110892631 0.23184154349765967 0.29757477511108316
1 0.1351709070731816 0.6029708249013018 0.23378604547482604 0.3102326406713007
1 0.2795960222059404 0.415900260313872 0.20139003954332696 0.2695753294669533