2 0.3717315349063314 0.7093319421750283 0.34805131087432317 0.46384926774727664
0 0.24520421672511233 0.8318187370903196 0.06531708279171564 0.09881614906075337
0 0.7596700913197229 0.8963523747314096 0.06216480925276535 0.09658731252120466
0 0.5746243043847966 0.3001288643818905 0.06531708279171564 0.0988161490607534
1 0.4424553177807725 0.913204283495628 0.1641636858759707 0.13464950005654544
1 0.38845361039444637 0.923005880469514 0.15616027110331832 0.11970240870767318
1 0.5803231051161453 0.4612234396996848 0.18619441882984217 0.2668452708969468
1 0.6952583583625562 0.3892459060061482 0.18619441882984217 0.2668452708969468
1 0.7480230738665572 0.5335745998973749 0.2100955689919978 0.30335321161023077
1 0.7690794622575902 0.1776023747314096 0.213302389608849 0.3097487148164462
1 0.6389067670461286 0.11577541537244963 0.22358532467404083 0.23155083074489927
1 0.28506870089350445 0.12189482528952161 0.2204875982129911 0.24378965057904323
1 0.20848110714474016 0.3567360728424509 0.18970124837514693 0.29615744076982914
1 0.45537547240385995 0.2244807378211918 0.19880351298564353 0.27576061705514265