1 0.5818335677179475 0.37066193608087905 0.15094437056996632 0.24994029820666433
1 0.4481204595052709 0.226394178132145 0.18082287155854931 0.25918974385079424
1 0.4448681255128821 0.22254324258591307 0.18082287155854945 0.25918974385079424
1 0.5172458498097197 0.08230228657656156 0.16886669961943923 0.16460457315312313
1 0.1913890039543327 0.018606444811196707 0.12965300790866538 0.037212889622393414
1 0.26981897634836594 0.8796975048329752 0.15260502965749517 0.2023393626604322
1 0.4463960638007958 0.8879792959751882 0.16195085475263546 0.1513610882486205
1 0.6736749219391103 0.0029442129914905137 0.14422484387822046 0.005888425982981027
1 0.3617479249048598 0.03748076901322704 0.14537084980971962 0.07496153802645408
1 0.49570908942959624 0.01715088325721367 0.14454317885919252 0.03430176651442734
1 0.6349970128887623 0.5460553698275827 0.16826452174882983 0.1540758838228233
1 0.3064210267289268 0.6670228685936642 0.14179486364988403 0.20540097040557725
1 0.4354811270329379 0.7616063576628329 0.14080536661563361 0.2239931048453601
1 0.8411170203031361 0.5722499814391078 0.11111786661563353 0.22099365920123018
1 0.5991272025851886 0.16725228601095188 0.1588550296574951 0.20297082490130175
2 0.665996297983465 0.7654834536442136 0.329000386387297 0.36762124095100907
0 0.7688189145619175 0.43745046664189663 0.061985346843970036 0.09141555795492652