1 0.317853771539425 0.1239199080346005 0.18258254307885 0.2161767827523636
1 0.40711264951546744 0.25262326699710297 0.19381497402109954 0.2522485466600683
1 0.3510151048471335 0.4593867367696639 0.19312655917039337 0.2688060304532286
1 0.2263046819506557 0.4413316983259101 0.17281405917039339 0.26738665309764625
1 0.283930783695696 0.7089721521174208 0.19647008045771683 0.2731910628669079
1 0.5421875 0.9 0.196875 0.19583333333333333
1 0.46288631017879955 0.6778873654441558 0.20984416560701077 0.2907311925216253
1 0.531457449631683 0.10044547791180819 0.17541489926336595 0.1388750836720176
1 0.6930887183211164 0.1397617224462076 0.17135011213660042 0.18010501884465893
1 0.8323915189415351 0.18374481531476514 0.14730060694082034 0.22616557666171785
1 0.6843621084534297 0.8490408276777707 0.16059828243518837 0.21256488918994165
1 0.7 0.9354166666666667 0.1625 0.125
1 0.83828125 0.9208333333333333 0.1546875 0.15416666666666667
1 0.3078125 0.9645833333333333 0.1875 0.06666666666666667
1 0.36171875 0.8614583333333333 0.2140625 0.27291666666666664
2 0.7388757377668543 0.46365660560607486 0.33843833121402156 0.5757848756209211