2 0.5715782864722228 0.7944096389283246 0.25730857940652785 0.34674510930118674
0 0.5554168114547571 0.13744552088217696 0.06936955547083343 0.12969486356077245
1 0.36554257275701424 0.5522442296106419 0.21115962480937514 0.29566213930283636
1 0.30736835647635463 0.6699894369073026 0.17067878875333342 0.21168256746517783
1 0.3963528956109377 0.30082928162341604 0.16188567021222236 0.24436080355747325
1 0.370387848023889 0.15767535805934443 0.17834712480937523 0.29336929895920333
1 0.5286056172099309 0.5283346193292299 0.20189372758291685 0.3012570420617983
1 0.6452664403481948 0.5347838285863412 0.20189372758291685 0.3012570420617983
1 0.7504825768410768 0.6473694256015896 0.20189372758291704 0.3012570420617983
1 0.7835093631258683 0.38849903663743757 0.20189372758291704 0.3012570420617983
1 0.7287633924768057 0.13537320481026974 0.20189372758291685 0.2707464096205395
1 0.3110297253987153 0.07511732210198156 0.15094686379145833 0.15023464420396312
1 0.2314695119678473 0.08603345092790196 0.15527068787965287 0.13361658827028758
1 0.18172604473725712 0.23864941052369754 0.18565047853284736 0.26474854666006825
1 0.32566702763850747 0.866868866275659 0.2272560970739585 0.23436315091140614
1 0.403375106760695 0.9271439054738485 0.1968399388295833 0.10114785918829199
1 0.8353329683679519 0.8479419161792602 0.17027743882958352 0.09929175033868441
1 0.9030471452296881 0.8286091278484012 0.09495013050895836 0.07530097241038002
1 0.2015183999793407 0.7003305389724 0.10519925911805572 0.2154302201112453
1 0.19828233757465313 0.5597601304091532 0.1411731267092362 0.22002475953522424