1 0.18515625 0.8645833333333334 0.2328125 0.26666666666666666
1 0.64140625 0.8489583333333334 0.2296875 0.29791666666666666
1 0.7965190750843731 0.6426861634125668 0.24164557792045152 0.3221941038939356
1 0.8524374330365969 0.19176650107444795 0.2068887483751471 0.29222741341805897
1 0.7005788782480586 0.2705489723961709 0.21143988068039513 0.28191984090719363
1 0.5052588754086847 0.5650526277009487 0.23046261606989854 0.3031895508637324
1 0.4479703011383857 0.4042957683941315 0.2418092191541538 0.3346941038939356
1 0.3253782808458463 0.3368396222913623 0.23339670129724616 0.2886789469676
1 0.39656926258190167 0.15198133657644894 0.24748647483619662 0.29108956276833736
1 0.30854178815274225 0.6677987045425587 0.2988501517837136 0.3964199004302185
1 0.819708933443634 0.423367238087706 0.27801945454365723 0.35636382575507924
1 0.49947470536102656 0.7681048982637477 0.23043534253094827 0.30110621753039907
2 0.6179084744324548 0.1383769442584131 0.40480805113509033 0.25726239934698314