1 0.08693516396187348 0.46179844801612047 0.17387032792374696 0.27359689603224097
1 0.05848860998411395 0.2707128542329692 0.1169772199682279 0.27059237513260503
1 0.5375215450493058 0.12607174676423794 0.19995690990138842 0.2384711307023014
1 0.450898252435632 0.11743466141520836 0.17945349512873604 0.22357265425418035
1 0.5609339513005416 0.36710885699126805 0.17654668344033872 0.24019083736472582
1 0.43828125 0.86875 0.1859375 0.25833333333333336
1 0.7874361757329963 0.4946064899214479 0.17999896590774292 0.2652393209208469
1 0.8415606140445989 0.47877616459787176 0.17999896590774292 0.26523932092084707
1 0.9078401789794072 0.4297943192764166 0.17372169236879245 0.2630590204752713
1 0.8504658299523419 0.21636101082108378 0.21133078652459397 0.27197415648205886
1 0.5518844594182164 0.521166435656662 0.169996674511885 0.21717720358581688
1 0.9329593612052254 0.7792132463929012 0.11366485389503396 0.21005449957563538
2 0.5861934553610266 0.7654982383301162 0.2527194456152033 0.33093777604496755
0 0.7305215227281714 0.18636939391041812 0.07299321509696384 0.08653178845745396