1 0.64375 0.9635416666666666 0.203125 0.06875
1 0.4015625 0.9302083333333333 0.2 0.13541666666666666
1 0.5490616563861199 0.2276019025922956 0.195889898209672 0.24387437012818686
1 0.7144225339331844 0.6600543041057496 0.19438795496493205 0.212624370128187
1 0.7016734076227376 0.7463126314867804 0.195889898209672 0.24387437012818675
1 0.3020748372923586 0.11027066720498908 0.2271003254152828 0.21130469588546302
1 0.10394850401439486 0.8314705541112417 0.15290136181247735 0.22622585605930798
1 0.8147960803525283 0.18268769100980534 0.1970518800110746 0.235577401513454
1 0.7423517789959388 0.29049900810998586 0.15728847316352948 0.22008495021510927
1 0.540845331589146 0.6914708517263664 0.18933950956072393 0.23747891125378498
2 0.370037885566629 0.4048881482648462 0.3851292782207466 0.4792699480486385
0 0.2524174799557014 0.931909296534086 0.07567992288667416 0.08083944372228752