1 0.5444878031897227 0.7170776147087617 0.1963334053945836 0.25242486291418326
1 0.2686169406325353 0.8229905266377661 0.21341180262104179 0.24750960675203687
1 0.29106467714607653 0.22669237931095426 0.1838334053945835 0.25145414012301687
1 0.6186636534947224 0.2607072463917323 0.21050500816812523 0.25976692605424545
1 0.6097458612260073 0.46688630251623203 0.2011663757593057 0.26112221729420404
1 0.46808242524621557 0.2838749233935102 0.20450958130638913 0.2738648979919956
1 0.4820338628415278 0.14197584973010435 0.20450958130638913 0.2738648979919956
1 0.2914621078075348 0.0853672422251375 0.20479921561506959 0.170734484450275
1 0.8408322070656947 0.4395529308796538 0.13532317021222234 0.24352592264058046
1 0.6377864743518755 0.9080172113139201 0.18739220364722228 0.09777283485193351
1 0.8619408748093752 0.2146948186306544 0.16203114057694457 0.25392204190514234
1 0.8913179438635765 0.10497634498607174 0.12463893692972228 0.1677978805472056
2 0.3435045718070837 0.5866545056851948 0.35970884042444473 0.4939682451682214