1 0.33453535701769505 0.8273580062814744 0.1830195856534969 0.23120671111973176
1 0.18046875 0.9104166666666667 0.1765625 0.175
1 0.171461192671192 0.5958962036464734 0.1640510643661735 0.2249993123309127
1 0.18797062151975455 0.34102799233349884 0.1656135643661735 0.225169373341092
1 0.6632594706669048 0.10256929316465972 0.15785605866619043 0.07725270667442535
1 0.6122229504648621 0.7161535610425072 0.17150293144645268 0.24859622303829668
1 0.75625 0.9375 0.16875 0.12083333333333333
1 0.37417591929018157 0.4011036773934476 0.17837564431968733 0.2907730727355016
1 0.7086826872233104 0.7046522826634494 0.15689412822814397 0.23664900728001564
1 0.49859785701769505 0.8452144123503093 0.22659462303236388 0.2918782973843958
2 0.5925435070373656 0.4322038854852275 0.3266488893760087 0.45191189698497924