1 0.6215876997004376 0.09902500591930061 0.21817539940087513 0.19805001183860121
1 0.5079397878817268 0.08544667638595606 0.2127545757634536 0.17089335277191212
1 0.8199927330402363 0.27764041478513785 0.17882585697722045 0.2818174759210939
1 0.742936025463891 0.2638726030752634 0.180515902734855 0.28404649011264294
1 0.1835453078856061 0.2259331339793768 0.20851335697722054 0.2845854122271912
1 0.6516079765414545 0.876860100115613 0.17834788273097574 0.1471292135455054
1 0.7833050313829448 0.6152494327766757 0.22203372303829685 0.3024175257595831
1 0.3387911751546303 0.09112084875260591 0.2052291181871082 0.18224169750521182
1 0.896875 0.746875 0.203125 0.16875
2 0.39075086956423405 0.6329924877596952 0.42949476304605544 0.5951905904618918
0 0.663024998043146 0.39598906446867294 0.0845022878817268 0.11145070957744897
0 0.5283315204629213 0.24931019979259136 0.0845022878817268 0.11145070957744897