2 0.6687871393007432 0.6835424100283032 0.3171627404661713 0.4428338556416892
0 0.7687920845840871 0.8413788967638762 0.06915179328391083 0.08074076084656098
0 0.7814657656090966 0.14820329219884606 0.06904266587924912 0.07657409417989439
0 0.34994291398033256 0.45063156795865755 0.06915179328391083 0.08074076084656111
1 0.8749949884824366 0.583189865300852 0.20115081614940172 0.23960492494155355
1 0.8886284133473603 0.6605665926295097 0.1949553798517325 0.2411542340100906
1 0.46956593321762624 0.42744469565645543 0.18541668874473985 0.234103197612896
1 0.407623983124959 0.2812124408760935 0.18541668874473985 0.23410319761289589
1 0.5108333178786821 0.19711524881260173 0.20961808057737183 0.265272455272549
1 0.22968252159954639 0.1991925765965309 0.2425942716843644 0.27432608266273
1 0.18107635209210024 0.38087107340962295 0.20106153611233468 0.2957214188753544
1 0.046148280585221066 0.793214378983635 0.09229656117044213 0.2822620913006034
1 0.20142104610949968 0.8597163674664705 0.2347817716843644 0.2736585523317345
1 0.4171875 0.9052083333333333 0.209375 0.18541666666666667
1 0.3017459722403678 0.6166850647717496 0.18903276206571756 0.25312020974529403
1 0.9232762649761245 0.3242277760551281 0.14552086424263563 0.31799853382552035