1 0.29177510376392685 0.8115449110938696 0.20733349425012415 0.2936641099085511
1 0.2762292074071675 0.5711111007923676 0.1942596672787226 0.23222707718080807
1 0.77830137468589 0.3053820046062215 0.16403003333979882 0.24549252364388713
1 0.4621343696849203 0.373939267652277 0.20465503333979881 0.24991410990855106
1 0.24335254771448858 0.42361941473387754 0.17579670970237726 0.2095230727355016
1 0.6210481445205915 0.8077836436025077 0.2089918469752808 0.2193443539492686
1 0.7502252036141457 0.7005988237983366 0.17483998758216437 0.24459961738180952
1 0.8283344860358607 0.781083893087073 0.12984673879011233 0.09277154748101708
1 0.8272816533145833 0.5701144421786875 0.12314994182452992 0.23690427071255654
1 0.6269305801362035 0.47085755653254513 0.17483998758216437 0.24459961738180952
1 0.5967491304357659 0.5962401078468128 0.20373026212797143 0.2601607155650384
2 0.6377715827212774 0.18733097049345168 0.4025818345574452 0.37466194098690336
0 0.38590774103683045 0.7950912504831069 0.07955969636645772 0.10799286747843079