1 0.7490150726107354 0.1528309255751693 0.21335579544054112 0.2701985887214407
1 0.339194061188866 0.7663680824321756 0.21335579544054104 0.27019858872144054
1 0.3344976736410651 0.5472432226626417 0.21335579544054095 0.2701985887214406
1 0.22777684480655233 0.35390327606265826 0.22029287967363853 0.3099637784812648
1 0.2960210497902186 0.11323995108693315 0.2030569128671175 0.22614549467728948
1 0.6598482580746552 0.8713767753155734 0.17341603444287906 0.17094830826050872
1 0.7927856155524767 0.3839516723861988 0.13035311867597646 0.20877369613776509
1 0.5623788329836976 0.18605592108821956 0.21335579544054112 0.2701985887214407
0 0.16905639209797116 0.9756458915284453 0.10466418921211931 0.031084174716129336
0 0.1808729983263929 0.7402898436706089 0.07540366431701004 0.09231117973069397
0 0.5434177746713946 0.9174686150268478 0.09810745850815117 0.10774317638765088
2 0.6502518055897886 0.6150247001857756 0.3744853174358653 0.4718513277024771