1 0.6333556654425548 0.47620562723402704 0.2046230824314133 0.2688488488830584
1 0.30378038043576594 0.6923805469315236 0.23233349425012415 0.2896616348142871
1 0.22933810301502083 0.5620518452811609 0.24556681788754578 0.3280110172565575
1 0.6629790057498759 0.3256997184363391 0.24556681788754578 0.32801101725655746
1 0.8470515036238438 0.5116399252071994 0.21265872303829675 0.29850087694530814
1 0.7885541221008162 0.7875910726281273 0.2237237687959313 0.30143359272091225
1 0.7989000145438675 0.11855826915799267 0.21469997091226495 0.12863826640314124
1 0.8514513165104198 0.23462753574936634 0.20449553667377876 0.26676551554972505
1 0.09079274226902427 0.3965501296937894 0.18158548453804854 0.26676551554972494
1 0.5859375 0.8625 0.2375 0.2708333333333333
1 0.34451579029762275 0.21933226621490878 0.24352608576539322 0.29467768392322413
1 0.5706634442404258 0.11548658172698728 0.22742311151914835 0.1586543155120785
1 0.9077345567983442 0.7769606023030936 0.10921498758216437 0.23448509461597714
1 0.20135597953707868 0.3139233190198597 0.21578372303829685 0.2987435576430998
2 0.4258620298366411 0.4548590274975525 0.3177925042520638 0.36472133295686837
0 0.546749001497812 0.6599646238203621 0.06721919303247788 0.08193694728916535
0 0.6586434814939327 0.8068078306853386 0.0707268303053814 0.0884296279869569