1 0.7734375 0.19675385571896958 0.2015625 0.2849179240156507
1 0.71640625 0.13756034750265497 0.2203125 0.19039478516439334
1 0.51171875 0.2034657244066583 0.21875 0.30278560229088697
1 0.54453125 0.3640918980836247 0.21875 0.30278560229088697
1 0.63515625 0.33292450474699214 0.1796875 0.2563060304532286
1 0.2953125 0.6550105630926975 0.2046875 0.27680295642933006
1 0.16171875 0.7717170940745725 0.2421875 0.30234001206014866
1 0.696875 0.6507788949171591 0.2078125 0.28952132217634274
1 0.91015625 0.459432357150774 0.1765625 0.31650433137288253
1 0.91171875 0.6897498733576136 0.1734375 0.3225359656258699
1 0.19765625 0.8989583333333333 0.2265625 0.19791666666666666
1 0.084375 0.3527708751693421 0.16875 0.28887508367201753
1 0.303125 0.35868147746022916 0.2234375 0.3260298175780727
2 0.4703125 0.7510416666666667 0.54375 0.49375