1 0.6595231873806342 0.4951026308370587 0.23397720003181668 0.32326723725995554
1 0.640625 0.9239583333333333 0.2125 0.14791666666666667
1 0.12542254941117825 0.7701124551695268 0.1783806333545445 0.2165542644845156
1 0.29454088800922684 0.10430230138426787 0.1797067760184537 0.1895436827542901
1 0.8280442786839538 0.208277264710697 0.16062951201463563 0.15117066351699637
1 0.6060789193586806 0.277076827934501 0.18648403469127145 0.250251355833388
1 0.459375 0.8895833333333333 0.1875 0.21666666666666667
1 0.21839184675363238 0.8639881330862207 0.15739542401336298 0.13852516031078085
1 0.6361198606779086 0.13999019332999055 0.17832608935390812 0.21030426448451559
1 0.8724948073679075 0.3800696004628284 0.18032494135899882 0.2603770160876234
2 0.32331351471990666 0.5377579937006594 0.4506941747294516 0.637400873552392