1 0.7346527637949981 0.22466331982499813 0.18256450725639403 0.24976295620506128
1 0.8022668166127378 0.5752611208932695 0.18256450725639403 0.24976295620506123
1 0.06391616706037545 0.19298079070067883 0.1278323341207509 0.24429491473469103
1 0.0768576219623661 0.46051960521530844 0.1537152439247322 0.25020587709728354
1 0.17735111824935101 0.738499640151049 0.18256450725639412 0.24976295620506145
1 0.6287127216073957 0.8287662403401218 0.20465776206571745 0.2606480422245672
1 0.89240074329176 0.6045826677359852 0.19374010943331257 0.31960656449913544
1 0.47816213930074325 0.682687837512406 0.18503474282842394 0.22512749230308582
1 0.5793600846689051 0.40924892045314665 0.18218256134007813 0.2351796228717279
1 0.64921875 0.9166666666666666 0.1859375 0.1625
0 0.34921875 0.9729166666666667 0.0828125 0.05
0 0.8933109349469067 0.8690356746477138 0.06290179328391084 0.08210845391148117
0 0.14097216334736035 0.6015601382345676 0.07109623920022683 0.09760312748987635
0 0.1486408527250724 0.21899506949438233 0.08041667549789593 0.0966134024506171
0 0.38476438039988664 0.08981187477271506 0.06569941106992569 0.069972990009506
2 0.30314232505025823 0.393745276469135 0.42781255298737564 0.5733010329882706