1 0.6138699909548885 0.35209005951289757 0.23095118611433313 0.32060189110175974
1 0.7116380263464244 0.5330060835877874 0.20209584577069997 0.26103178051559367
1 0.5706202007021124 0.6360153183158542 0.20209584577069997 0.26103178051559367
1 0.4845930902320914 0.8334194048271305 0.20209584577069997 0.26103178051559367
1 0.5400064450479028 0.25994718849239445 0.17266065128862387 0.2263889183263198
1 0.29140625 0.9385416666666667 0.1953125 0.11875
1 0.19328309475464717 0.6581018911017598 0.21319047602842475 0.3052182901342405
1 0.08085219131628699 0.2426885080438117 0.16170438263257397 0.1656812452472219
1 0.7965951232487782 0.8208136405122509 0.19091932835784534 0.2147619375636135
1 0.8385004194944479 0.6109194666457355 0.2078412347348519 0.32784395038847597
1 0.5094292316826343 0.10198752581936095 0.23114153663473136 0.16672623084752433
1 0.22124647896910082 0.18562173405373994 0.22077060266810494 0.22031088468932852
2 0.3173568391004376 0.2892361699859729 0.28423331637205784 0.3667526940043174
0 0.516649752940676 0.4957507573977575 0.08896068068726617 0.12059525323448833
0 0.3935741010862252 0.44097229581579955 0.08896068068726608 0.12059525323448833
1 0.5265625 0.9125 0.171875 0.17083333333333334