1 0.1741871356737012 0.5868301590928063 0.2140195688857578 0.33371225649172326
1 0.5431678143123657 0.1486034053080731 0.20383908548249732 0.2918637662320544
1 0.47094558173429774 0.4446860194850559 0.1929482070582587 0.23751527597238548
1 0.20220262405133912 0.8077596764091945 0.1877871103776066 0.22907284848325085
1 0.3461796122284844 0.649405794916922 0.1730142153566284 0.21624556601584669
1 0.8266698277856055 0.8025887889690132 0.17064623195336787 0.17457889934918
1 0.4526519873287308 0.8352201076885547 0.17900410622842172 0.23927132683831473
1 0.4516646306993238 0.31717921970126356 0.15499792116548722 0.20126222077790837
2 0.6779050541398961 0.4960449648332948 0.26844695975755106 0.3578653235908054
0 0.5309582765454944 0.5556405189445365 0.05894987012586892 0.0762727651510159
0 0.42530673070396807 0.06708303571820867 0.05894987012586879 0.07627276515101586