1 0.6567281880967228 0.8945949825273757 0.20083634134309047 0.1129221098068174
1 0.32703740404199805 0.3848642442967874 0.18639312802354446 0.24700371581149316
1 0.21167712806331526 0.6042521992617195 0.18061584269572598 0.30063635821336354
1 0.31833347135581713 0.19379835492801664 0.17878062269254427 0.2692528521471644
1 0.8220953653723619 0.3133761546450077 0.17878062269254408 0.2692528521471644
1 0.5694419853596351 0.20987063130306188 0.17878062269254436 0.2692528521471644
1 0.4936061913589988 0.21009567551371802 0.17878062269254436 0.2692528521471644
1 0.3903255553389543 0.04319278737541479 0.21815111067790854 0.08638557475082959
1 0.21775550007954178 0.7632266810631222 0.19108062802354436 0.24740423401009035
1 0.7213435767424965 0.6837126413805807 0.19108062802354447 0.24740423401009035
1 0.7360385920194081 0.13623967612895177 0.19300675469445316 0.27247935225790354
0 0.6522828520448616 0.3852199825273756 0.05857611600890866 0.09243972444936652
0 0.7313532813892247 0.48687801255075425 0.06951361600890867 0.09337426691276013
0 0.2501509240929048 0.8918065597391404 0.07412839067472685 0.0854414517780242
2 0.4754043680776328 0.7224481801402715 0.41973398138127055 0.5063459469422926