1 0.402796385258611 0.1397604836973452 0.20065722948277798 0.2319555506275373
1 0.2422225611704166 0.1064290944277446 0.19992987765916678 0.19028888396087065
1 0.3400567298640276 0.37271022061375275 0.1996402433504862 0.2630842102786415
1 0.50546875 0.85625 0.2171875 0.2833333333333333
1 0.654914091186944 0.7100849921373914 0.23190853590354193 0.3238443505898909
1 0.7502136330744096 0.35970972535778534 0.18561411094166685 0.26407548047191265
1 0.15509462272208285 0.7505440875062983 0.23190853590354185 0.3238443505898909
1 0.22800348622920086 0.8761600909199634 0.18292421561506958 0.19937080678968352
1 0.10711079084381936 0.4234411788027267 0.21422158168763872 0.2372142804342662
1 0.9037198395714234 0.3945784163906882 0.1836892414506252 0.3325827997741211
1 0.6439480621203472 0.17309090093507945 0.1708242591180557 0.22131675066518378
1 0.6092177718484022 0.8629981325427569 0.21831750816812523 0.2603736277987243
1 0.32922245374413145 0.7692818697415132 0.2111959924005557 0.29935025938757887
2 0.5630571655594789 0.4599142273469665 0.39826350056868093 0.5572970802083872