1 0.21665423669130818 0.4379809199152744 0.1893648834215475 0.3208486093057188
1 0.5996218814815621 0.8178859659143335 0.18184154349765969 0.27903648376465023
1 0.5158358360067361 0.5321314724071552 0.1770612015966055 0.22479708766078269
1 0.23552761760421675 0.21133923539170024 0.1720553666156336 0.21427132683831468
1 0.38507397285114375 0.3464989832285248 0.15767453163466155 0.20352737770424392
1 0.8549196047526355 0.11561607738871983 0.161152358706968 0.164053138526712
1 0.48283635771838496 0.14303906277492795 0.16306236859279988 0.226553138526712
1 0.5026275232688857 0.6627398176450935 0.14010502965749527 0.19062736579963893
2 0.7196346566532521 0.447122996218562 0.24299921939110264 0.33875167640480086
0 0.5715499837255587 0.4109579464336713 0.05372717787060921 0.07203336904714822
0 0.4862398138007958 0.9195534707834004 0.05372717787060921 0.07203336904714822