1 0.8809870751107411 0.607925355398951 0.199054471004061 0.293153926878013
1 0.5197060209763744 0.36336919881468144 0.18132675046142524 0.24770331677621915
1 0.10837669841269797 0.5950036412189394 0.21675339682539593 0.2868613256668321
1 0.6316424213455146 0.19125989215318723 0.2179651573089707 0.26619805334367824
1 0.20113318708010186 0.7988509707190221 0.23140589605020362 0.31947181374826716
1 0.1453125 0.95625 0.178125 0.08333333333333333
1 0.2890625 0.9770833333333333 0.19375 0.041666666666666664
1 0.53359375 0.9552083333333333 0.1859375 0.08541666666666667
1 0.73984375 0.9197916666666667 0.1765625 0.15625
1 0.8163271044112218 0.1558636665057517 0.17984579117755645 0.1522101054632446
2 0.5785548851052036 0.6912387634648687 0.33222552128091626 0.4444288687025427
1 0.7595638556478393 0.6669607491304077 0.19386632325581452 0.2822270771808081
1 0.7377865900701357 0.4991462566036662 0.19386632325581452 0.2822270771808081
1 0.339099963759689 0.5426641848667059 0.2073676187523077 0.3044208985955765
1 0.41190401295681 0.38409671678915025 0.19971580505721714 0.27457398788819226