1 0.49481243429639993 0.14579634705107597 0.17399986859279987 0.23459923413184455
1 0.5670176981365643 0.2381549849221079 0.17326503954332698 0.2615733845916716
1 0.2634244659310615 0.3292005502781129 0.17326503954332698 0.2615733845916716
1 0.3098816773763177 0.08921735941408149 0.18644151878308027 0.13152439620024128
1 0.30115793479069153 0.13538267073629032 0.17980419961943914 0.2204526322925366
1 0.4960101087441492 0.7206915935459262 0.17326503954332698 0.26157338459167173
1 0.7722184871855997 0.4988416184206594 0.17326503954332714 0.2615733845916716
1 0.6580180884410132 0.07820306497608089 0.16291117688202625 0.07582916930448592
1 0.27286442741349876 0.6125884750481994 0.17326503954332698 0.2615733845916715
1 0.32421875 0.9541666666666667 0.1671875 0.0875
1 0.7375 0.9510416666666667 0.165625 0.09375
1 0.6778450405690912 0.8290263658957348 0.17326503954332698 0.26157338459167173
1 0.8484375 0.9395833333333333 0.165625 0.11666666666666667
1 0.4765625 0.8895833333333333 0.2125 0.21666666666666667
1 0.8070524491251476 0.26116455600533045 0.13305653361182798 0.22134381275401319
2 0.8290600306832594 0.7772262874993559 0.17820720752810465 0.27023426654552385
0 0.28803714676742037 0.4203124438405349 0.052355678859192525 0.08057718528553602