2 0.3485810109582547 0.30818910838786145 0.4033306310982999 0.5338998386459314
2 0.5192294971045159 0.1307991658263282 0.3040839942090318 0.2615983316526564
0 0.25338401923042236 0.07356606268549652 0.08517982878371626 0.12007540462721362
0 0.810528970840271 0.8775237730377158 0.08616013192686936 0.10355441881876265
1 0.6823546592200624 0.6188038515954383 0.2880994292790543 0.4006398310459538
1 0.8285446468140656 0.33868360620298144 0.23747869106587852 0.33362372444126875
1 0.93515625 0.334375 0.1265625 0.32708333333333334
1 0.90703125 0.19166666666666668 0.1828125 0.25
1 0.08824078618453315 0.6637459110507173 0.13863877667402047 0.26834151123189875
1 0.12437733932768631 0.643655744215983 0.19888707195929073 0.29887738384409324
1 0.17962776550636872 0.6322340737493275 0.20044957195929075 0.299023064702309
1 0.253700966292157 0.6211475663174176 0.20044957195929075 0.299023064702309
1 0.34456140673886304 0.5970002361118022 0.20044957195929083 0.29902306470230877
1 0.16650260339082215 0.11145119488169693 0.19863020678164428 0.22290238976339385
1 0.19520549214211716 0.036567836629119034 0.17166098428423432 0.07313567325823807
1 0.6937031898230244 0.8539291565456736 0.17606169396136268 0.18046254687883873
1 0.6250430810555188 0.8404746072113876 0.1915069114963739 0.22135700793611288
1 0.41709999441391954 0.7887983067334118 0.2096790227450791 0.2957304831849361
1 0.6559761339937841 0.28997948641515353 0.2455095148871962 0.340602128732347