2 0.7298401447299033 0.4944232378949787 0.4320577419709412 0.6152517181858327
1 0.6124877911572872 0.26176688377852503 0.2287335888732951 0.3139996392919749
1 0.5085505636585244 0.21081947289587538 0.19584584577069997 0.26941935546099527
1 0.338220374264831 0.09518920510518943 0.17784611827193722 0.19037841021037885
1 0.30057428934826486 0.2260283603718897 0.2768302521477066 0.38905771751356194
1 0.5860570087064273 0.0004818145014570748 0.20961401741285463 0.0009636290029141496
1 0.6769995912481442 0.06374688165921319 0.20087418249628844 0.12749376331842638
1 0.6463979601974499 0.825257610675241 0.2262769742194024 0.25149963929197483
1 0.35834692503305654 0.4590122537672047 0.21771420171816525 0.310896539951132
1 0.22085356908559128 0.43210315509863256 0.23580246042459257 0.3354156960581708
1 0.3887802120064722 0.9140968069014794 0.1946374706013579 0.11985639803564206
1 0.094938443011738 0.2608832336563551 0.1692966338757694 0.1880674759210939
1 0.813806788216611 0.7155555567006276 0.2635246687014785 0.288183632364268
1 0.45844317955561237 0.6117297356075991 0.25668817051050075 0.3518928805483076
0 0.43524029567984296 0.4403427179521968 0.07087242198083885 0.10001427690327276