2 0.5023137090579559 0.2213737869930282 0.35827068817039454 0.4427475739860564
0 0.6631485093056249 0.05312538933958857 0.08034677956950453 0.10625077867917714
0 0.6459631633584009 0.02474805047400873 0.07315070967712849 0.04949610094801746
0 0.7872108240307145 0.6418682420203033 0.0674829065339754 0.10438915463557853
1 0.3466887553766835 0.08263601852992954 0.22537248924663303 0.16527203705985907
1 0.624117856909988 0.8981219324818226 0.20545378742738726 0.0871891894949241
1 0.20178920843878334 0.5525830904491341 0.27741448635114896 0.36433714523695215
1 0.20484993424596226 0.7546819643077213 0.17813792431665565 0.2857994805034754
1 0.5979535789931132 0.555114638707148 0.2020848465663967 0.30275079724006937
1 0.686314065758547 0.4102104979021856 0.2020848465663967 0.30275079724006915
1 0.29340958995136807 0.2474990813178311 0.2020848465663966 0.30275079724006926
1 0.32803283891791074 0.3706357756457303 0.22788536724456102 0.3281933128702138
1 0.3118768761404104 0.8331357756457304 0.20317215756743262 0.24473319502717056
1 0.40983918714144635 0.8813657131251522 0.16439644789030422 0.1598522871421712
1 0.4900618422276796 0.7019920990148274 0.20869871960192582 0.3137989261476056
1 0.6752781741117678 0.19127155129146065 0.21887424028009034 0.3376627861755762
1 0.8012263980569199 0.1069251720342888 0.18176803846084474 0.2114309427443449