1 0.5148954998588257 0.19006233057503452 0.1629381577089811 0.2627681191385442
1 0.6381719180911505 0.45291237677703544 0.1629381577089811 0.26276811913854414
1 0.7912338178370366 0.8070291003077033 0.1629381577089811 0.26276811913854414
1 0.6594293519673166 0.9216502558880052 0.15582433674699842 0.13566054402715036
1 0.36886526514973106 0.8917599848292148 0.15828147881213822 0.19191054402715035
1 0.2711040573842801 0.711903887067699 0.15128802616718492 0.21053933513684722
1 0.2939004603962868 0.17785542128157814 0.1637726156156063 0.2461256942499381
1 0.7194589864222974 0.5777783172077633 0.1887726156156063 0.24651356269890765
1 0.5109015757295444 0.8145054994695797 0.1887726156156063 0.24651356269890765
1 0.31446910758192426 0.43395997061321456 0.18133954721387227 0.21933326225333188
1 0.21394254671976212 0.9066720417462439 0.13900085779368573 0.14372721780181716
1 0.8454181867893507 0.06089201495867368 0.10785727360693613 0.10993329068533247
2 0.5155450311465082 0.5986623234670343 0.21606315770898127 0.2635923395926045