1 0.615646957963982 0.2558795158048967 0.19370891819055522 0.24579368275429006
1 0.6595821771440281 0.21540993165587316 0.20384533581546266 0.2815741074364958
1 0.543526533129028 0.12411702396179909 0.24107193374194402 0.24823404792359818
1 0.3765210671530105 0.8496030968042501 0.2496267275213885 0.2670899888630634
1 0.254143529971482 0.3287896329165847 0.25277085136685146 0.31500665552973006
1 0.36569016536231597 0.753528364438436 0.25277085136685146 0.31500665552973006
1 0.27664466361888956 0.4606679341877619 0.22341554203601816 0.2949471266737895
1 0.2036788894433345 0.8129959854872116 0.22257621196999972 0.23467596321333845
1 0.24175367082893615 0.6481811657661585 0.292731470028518 0.35425269400431747
1 0.36122188105550945 0.1324305320056108 0.23380623788898108 0.2648610640112216
1 0.4033697163053242 0.060615052030322074 0.21513556738935163 0.12123010406064415
2 0.647573026813936 0.5171295069736674 0.4458741768147213 0.5753109200142457