1 0.30330682072094567 0.3380907200750008 0.14114303846084475 0.20942505221506144
1 0.24134616811591178 0.46358463788845744 0.14746581306795062 0.21223745774444408
1 0.47339668879407626 0.41369229996796425 0.17773550992479753 0.23236721734234525
1 0.5179000519048081 0.6097607876838903 0.15735023531769166 0.22791439937185157
1 0.4604001908609908 0.16207738598747032 0.18493157981717356 0.26017962287172797
1 0.5452183006619538 0.043362799559877124 0.19393839867609247 0.08672559911975425
1 0.6075149394132489 0.09616930282719202 0.1905266083532208 0.19233860565438404
1 0.3556849197685416 0.021961648821697873 0.18379711124870504 0.043923297643395746
1 0.5331140213018462 0.8424434336153719 0.19070639081820956 0.20275762978345616
1 0.34740346133426747 0.6794457369772232 0.18969185442427944 0.26280976035209824
1 0.15474304218489837 0.3367473187556795 0.10309938296032675 0.23403501765641954
1 0.15635269975233096 0.11474694988996928 0.10309938296032675 0.22949389977993856
1 0.8156654638154668 0.5719137243470392 0.0896533130679508 0.20549353993098737
2 0.6891137340793465 0.3636304432287672 0.2656807737785364 0.43351182255765364