1 0.15125797297083282 0.06894308953912034 0.19435905405833437 0.1378861790782407
1 0.49573714247250644 0.7824240728237495 0.19325107201231528 0.24971428495361134
1 0.2988904553114395 0.4239989849303238 0.15397040339440443 0.19850203191425944
1 0.8625580455723233 0.31797662943620275 0.1823044816532356 0.24729152076925945
1 0.9286092506873711 0.5763082208751842 0.13542039129415606 0.2437534837887038
1 0.7018916937021704 0.7978983767759715 0.1823044816532356 0.24729152076925942
1 0.83189683538911 0.9000994516245361 0.18187723477649342 0.14937485410259274
1 0.5452962600571449 0.8819140556000457 0.18992608411256368 0.2037839713771298
1 0.1298859252572102 0.48756925139365725 0.19181583703942992 0.2788324614987039
1 0.16024961524694747 0.6897244489621758 0.2436419574527388 0.3408493021773152
1 0.3379676326117532 0.0677775847269906 0.1490647347764936 0.1355551694539812
1 0.7551808410464507 0.5796072910365733 0.19940107806243965 0.22699157877324083
1 0.809583557377984 0.1061078719638417 0.1568681444174139 0.14651567882407424
1 0.9140780763139237 0.8631787202418971 0.09152494554888194 0.20906242705129638
2 0.5689989431129951 0.283342772292129 0.33938170432948095 0.4417238662600004
0 0.39166272082953346 0.8241903325750921 0.06751475292686618 0.07708507522768523
0 0.03842110880403983 0.3248051685665277 0.05346134328594585 0.0787319974668519