1 0.7990334436795982 0.2262218940407968 0.21662976114786475 0.20912205799687958
1 0.2908610387162492 0.4743968663108931 0.21511081981405517 0.26928405667876876
1 0.28102648885213516 0.21374852638700537 0.21929557526193683 0.31936894600702787
1 0.2034870888324647 0.6315682885671374 0.2129691656070108 0.28786427802225023
1 0.6893649686500924 0.8533123169560966 0.2129691656070108 0.2878642780222502
1 0.42768977731628277 0.7785069091494974 0.2129691656070108 0.2878642780222504
1 0.3620155008331792 0.7310642233702228 0.2129691656070108 0.2878642780222502
1 0.1826943515698134 0.8487672859309157 0.23080152179152655 0.2119693952845457
1 0.35033349974789846 0.11722898884563208 0.2180830005042031 0.20712361399180543
1 0.7555080467620209 0.4735248854730759 0.2199075804577168 0.2716220579968796
1 0.540625 0.8989583333333333 0.228125 0.19791666666666666
0 0.5721606791775387 0.6829370593645652 0.07054172896477802 0.09731535178688612
0 0.6829396420507734 0.6471702010119121 0.08013525025210164 0.10199135442310782
0 0.4307583271035222 0.03280445459953606 0.0822333457929556 0.023164245069477805
2 0.5651394088986214 0.2939514961200294 0.4822211822027572 0.549702794523424