1 0.4109375 0.6497723990440484 0.1828125 0.29412799374456405
1 0.53125 0.9052083333333333 0.1625 0.18541666666666667
1 0.371875 0.9364583333333333 0.1625 0.12291666666666666
1 0.59453125 0.5241815665510535 0.1421875 0.22159029143095724
1 0.69140625 0.5842554464270903 0.1828125 0.24621132707789736
1 0.77890625 0.6174135744871665 0.1828125 0.24621132707789736
1 0.53359375 0.27787501308064333 0.1421875 0.2674236247642906
1 0.80234375 0.14355712069373458 0.1203125 0.14871742608260477
1 0.675 0.19835079741582604 0.2 0.2894804831849361
1 0.78359375 0.40118395039514687 0.175 0.24756625612015243
1 0.1859375 0.08816935546099529 0.15625 0.12498475248823132
1 0.74921875 0.8083956381810693 0.171875 0.24102489440372116
1 0.22109375 0.4601971747708473 0.171875 0.24102489440372116
1 0.65 0.9604166666666667 0.171875 0.075
0 0.2390625 0.6379141713069939 0.0765625 0.09672169538589988
2 0.3453125 0.24677880299899124 0.2796875 0.4531602069539341