1 0.6107393021330279 0.5589524262336293 0.20987701659574648 0.2693443539492686
1 0.5616748273556238 0.06362772867538743 0.20772465471124751 0.12725545735077487
1 0.32192318454854574 0.3703882555404692 0.22267194753799585 0.30595144768719096
1 0.1447758125245881 0.5132870909032131 0.2513103997675689 0.34842581819357377
1 0.5661652214232096 0.20342509956825566 0.22993814431968715 0.29638508607142117
1 0.8414387370105498 0.08008242078978133 0.22350247402109957 0.16016484157956265
1 0.41633373827105746 0.5675399914958724 0.21998399011264294 0.31394465900016544
1 0.7863791684570024 0.26745668016350116 0.24640437848024543 0.34374896849636893
1 0.30593645969426697 0.8446015084717998 0.24279877723940818 0.2749989684963689
1 0.875238480729489 0.6883540872308775 0.21143951659574647 0.2695144149594479
0 0.8018724005238737 0.5329116191533217 0.10789961733238052 0.13188729899499307
0 0.6615973257661398 0.4350368660287485 0.09027507475773362 0.12168329454968661
0 0.512837033695696 0.6397980585619557 0.09539961733238052 0.13052681091355822
2 0.5416718639013114 0.8000872654296238 0.31507796882531947 0.3201517139544412