1 0.09776760685312164 0.35997496369925475 0.1680666062284217 0.23661659406517618
1 0.10069446515613578 0.5901045139205647 0.15142448050347546 0.3010423611744628
1 0.6264640597621954 0.6077186614549002 0.24434568631233428 0.28718625656749885
1 0.6862022222051056 0.32601483800871545 0.20566169461070416 0.2660620317436178
1 0.33211837344986117 0.32014454956667093 0.20660888797200821 0.2827286984102845
1 0.9 0.3958333333333333 0.196875 0.2833333333333333
1 0.6851798993938776 0.8851353079544863 0.19993191286711748 0.2202044574527387
1 0.30694723300227517 0.7978635135277813 0.24905649710021488 0.2601514051492567
1 0.2302761439952929 0.6442112727011634 0.2524900730349427 0.3205680718159236
1 0.5036964529090738 0.24754977009528023 0.23979989627037807 0.2621620156099533
1 0.48359375 0.921875 0.2265625 0.15208333333333332
0 0.29658084730535206 0.13453395523963904 0.08115675684847723 0.10891511631442889
0 0.552887617650291 0.8382959748830084 0.0775581601678251 0.10055754202354995
2 0.83565165084377 0.7571928096438747 0.3104927497995072 0.3793256219063058