2 0.6379553364418683 0.5914407640551396 0.3032376428552599 0.37592827988731514
1 0.6984665478886796 0.20285234916125078 0.2081512394466932 0.2709355392595373
1 0.43810138676617993 0.6560431167662042 0.1660182865245939 0.2737929726437038
1 0.20926372605401258 0.23660902938111136 0.16111259821299112 0.256980835612315
1 0.23950460511285 0.16049549847925954 0.16111259821299112 0.25698083561231494
1 0.5312790478886796 0.19766390615282467 0.2003114659077429 0.26860975531833353
1 0.24746847848634923 0.7688288318125929 0.16953302434972922 0.1843551096750929
1 0.05744785592362889 0.3318569974668519 0.10955009821299115 0.2553806616003705
1 0.12209633157060437 0.7961753770258798 0.19532395697928912 0.24554761828694466
1 0.3877177828711459 0.4462308347248615 0.2019285129856435 0.2728249121065743
1 0.20730357994904658 0.4447968923497224 0.2019285129856435 0.2728249121065743
1 0.8325041773512588 0.5391686959185658 0.16601828652459397 0.2737929726437038
0 0.8109898672877147 0.2677777261871305 0.05580571509696393 0.08711382092175933