2 0.5229876785885036 0.7635994910293462 0.30690671737745245 0.435684706215261
2 0.7574723139322305 0.6597041461194756 0.2216590133672712 0.33503020036152875
0 0.6431081799013681 0.9636957603517325 0.0755090773392725 0.05891511631442891
0 0.32497272799968185 0.002003855713513814 0.07192954400063627 0.004007711427027628
1 0.4526875533100011 0.22563960734377497 0.23855561203054396 0.3018301922946964
1 0.7031966306492736 0.16536699740678987 0.19902039735836255 0.2473605136587091
1 0.7713568319939548 0.05338748348622512 0.18819089067472686 0.0806211241194055
1 0.8417596913192279 0.13200266836872832 0.1284169960216353 0.2134817587805987
1 0.16620078190645884 0.9173985666168302 0.1587033853437268 0.10330750168938845
1 0.20475475190964051 0.885851614886896 0.18590223201781733 0.1764302164951933
1 0.23490587591504938 0.8324963257902124 0.18608404535327183 0.19726354982852665
1 0.2723700605904126 0.7467948278723843 0.18608404535327178 0.19726354982852665
1 0.3271490146005939 0.6463766713547218 0.18608404535327178 0.19726354982852665
1 0.267931839990455 0.09166527765107434 0.1749283693507265 0.17217870647711678
1 0.2585108393141372 0.18652360695099152 0.17511018268618095 0.1930120398104501
1 0.2278495432845477 0.47736677556890234 0.17843517735518083 0.21595294743466245
1 0.6629063432925019 0.3958722824700574 0.20067380402608972 0.2577893008041485