2 0.5675164574427051 0.1768547141626696 0.25246708511458993 0.277343958459457
1 0.4304540973217977 0.7547826485665081 0.24087636724704348 0.317942576596531
1 0.3341677821989606 0.6119300133628657 0.20126829796757129 0.28960492494155354
1 0.4715912258516122 0.5913201274886198 0.20126829796757129 0.28960492494155354
1 0.4961880605704906 0.5401977184816062 0.20126829796757129 0.28960492494155354
1 0.2857807241357525 0.13921520254706632 0.19890416442319178 0.18127159160822023
1 0.4108489202956866 0.1467706878429939 0.20955215940862684 0.2404059613387481
1 0.3852435150436948 0.2082430104835746 0.210234121007967 0.2716559613387481
1 0.3944306469387216 0.2893858862803016 0.2102341210079671 0.27165596133874814
1 0.39284776339434213 0.3977859726467345 0.21023412100796718 0.27165596133874814
1 0.13598766112448651 0.22451554595791853 0.18180759263643714 0.18396969154669687
1 0.13813518283209889 0.2695742247569834 0.20848976458147636 0.2631891219392157
1 0.17259744787579367 0.4478451233788612 0.2102341210079671 0.27165596133874803
1 0.8662923089211378 0.7607140880029561 0.18808633636823088 0.2572868764119607
1 0.8061013035108615 0.9006327832533558 0.14312552586424765 0.12659887929125185
1 0.54609375 0.9635416666666666 0.1734375 0.06875
1 0.58984375 0.9291666666666667 0.1890625 0.1375
1 0.3109375 0.925 0.178125 0.14583333333333334
1 0.328125 0.90625 0.178125 0.18333333333333332
1 0.7689592854976659 0.27129383610188534 0.1265578029821361 0.2249968064968627
1 0.7096451553184988 0.6220964692506484 0.23007525956691133 0.3232580341331373
1 0.6374997191876947 0.7359471159714555 0.23007525956691133 0.3232580341331373
1 0.64296875 0.840625 0.2328125 0.3145833333333333
0 0.434375 0.9395833333333333 0.096875 0.11666666666666667
0 0.2246169374509524 0.5389094159960632 0.07709134890464338 0.10224162451088994
1 0.70859375 0.9375 0.1609375 0.12083333333333333