1 0.5915120711608429 0.1131928456627075 0.1701008576783142 0.12282588382282335
1 0.4606755456410337 0.16178513583832554 0.18489890871793263 0.24653187829057685
1 0.13901311057809926 0.16700162877387434 0.16089272365499818 0.20682176044753373
1 0.17130170186016663 0.40074639668684464 0.2002637995897259 0.2708693349991999
1 0.1727887338042458 0.7340486489696704 0.1772765854824973 0.3037601527023886
1 0.3346510389930491 0.6372562722112981 0.20123430373891082 0.2606105338927505
1 0.39648542031707273 0.8488426202081811 0.20123430373891082 0.2606105338927506
1 0.603125 0.9114583333333334 0.165625 0.17291666666666666
1 0.749772089207475 0.30099672671940764 0.20601689212119326 0.2900929316798519
1 0.3328125 0.9645833333333333 0.1875 0.06666666666666667
1 0.253125 0.9291666666666667 0.2 0.1375
1 0.4875 0.978125 0.146875 0.03958333333333333
1 0.4885134352634271 0.39088964040397706 0.20123430373891082 0.2606105338927506
1 0.34258655124011106 0.29023894717633464 0.22464849295103004 0.2899039850691269
2 0.6754904491608743 0.571118434877923 0.4264514817528752 0.5878566534016602