2 0.20078125 0.17554381639864727 0.303125 0.2950933822464002
1 0.57421875 0.10542989319996687 0.2046875 0.21085978639993375
1 0.721875 0.3438691103204284 0.203125 0.2807971118145981
1 0.709375 0.14747906079107037 0.203125 0.2807971118145981
1 0.8046875 0.13948576801319568 0.203125 0.27897153602639135
1 0.89375 0.20386770801576853 0.1796875 0.2819711630154778
1 0.89609375 0.32981844646918984 0.2046875 0.2954410639567616
1 0.28515625 0.7368537340551476 0.2078125 0.29347896824108893
1 0.696875 0.7812973445950457 0.1984375 0.2556152553881072
1 0.82890625 0.730341721915557 0.1984375 0.2556152553881072
1 0.51484375 0.3862761024904354 0.178125 0.24024387753998083
1 0.14609375 0.6047488080410391 0.2015625 0.2557364930057678
1 0.47734375 0.8429392872356946 0.2078125 0.2809789682410887
1 0.61484375 0.6501048320586332 0.23125 0.2964715837068757
1 0.44765625 0.5378410446034692 0.23125 0.2964715837068757
1 0.18828125 0.39373710020262254 0.2484375 0.30547172393734173
1 0.41953125 0.28476551649574683 0.2109375 0.2936002058587493
0 0.75078125 0.49899766235706894 0.071875 0.0923717985395245
0 0.59296875 0.8822034953822566 0.071875 0.09237179853952426