2 0.47265625 0.8770833333333333 0.2640625 0.24166666666666667
0 0.8672315769564424 0.49954976468898055 0.08655686613141426 0.1192598391959944
1 0.7631367574012556 0.3711275877143463 0.2417821915466968 0.34132551314267684
1 0.4654595234403846 0.4029741765881488 0.2417821915466968 0.34132551314267684
1 0.2808749699243269 0.33003706890225104 0.2417821915466968 0.34132551314267684
1 0.2967524028331504 0.8705983390027517 0.17227312307124434 0.1886897394021683
1 0.20844207201919676 0.7957050139479754 0.17227312307124434 0.1886897394021683
1 0.09903918876891964 0.637691017781226 0.14821386181247737 0.23788203556245216
1 0.6421875 0.8197916666666667 0.278125 0.35625
1 0.5295487091269853 0.6368812509342479 0.21281658235511305 0.2884344759696274
1 0.39888568784606904 0.2143902525448451 0.22395434145441176 0.29379156970754977
1 0.5896560919158371 0.5615620856849357 0.21281658235511305 0.2884344759696274