1 0.4315352313956785 0.16678899547188533 0.23182046279135698 0.27964154019933635
1 0.3530977512659444 0.35652142093023376 0.20821927168436433 0.27138894920634987
1 0.7844767591553107 0.7852096391042231 0.1863442716843645 0.26951986427956265
1 0.4874702951828274 0.6060105850252262 0.2195932813030112 0.28899015833641023
1 0.2830432008104574 0.479413302485543 0.18725200725639413 0.24465337034576168
1 0.7561012109772584 0.26727466480866513 0.21748514427970278 0.2680233189368778
1 0.8573859471822605 0.41416046061277517 0.19421133538669516 0.27227072794389134
1 0.94453125 0.36875 0.1078125 0.13333333333333333
1 0.9010218744942549 0.5623565319675187 0.14986113466105594 0.24561589142365006
1 0.676140925582714 0.5774399054017496 0.19421133538669527 0.2722707279438913
1 0.6783085715916972 0.4518655099667797 0.22137403611233458 0.2974569977359426
2 0.59140625 0.8072916666666666 0.4453125 0.38125
0 0.5187177728654907 0.1919069154792684 0.0873760036281972 0.12179266090808445