1 0.5818044658697202 0.18094165240413426 0.20826606826055957 0.24814804222456738
1 0.49274894212160963 0.08051337015456664 0.14262711575678075 0.06223745774444408
1 0.7305920344126285 0.37000179063870176 0.2059601156156063 0.2665335061265427
1 0.19480572383281508 0.23211931372944392 0.19154900512049755 0.22132536173444398
1 0.32867248961783063 0.24145323191999915 0.2486628260824803 0.35442354068518456
1 0.59921875 0.9239583333333333 0.2015625 0.14791666666666667
1 0.55546875 0.8645833333333334 0.2515625 0.26666666666666666
1 0.49347292405869403 0.585239590198579 0.19565965244730918 0.27984096311678974
1 0.08451223691640755 0.3353892787937035 0.1690244738328151 0.2541118909207403
1 0.8496410821206111 0.862356447691973 0.19478042093374803 0.18853883254814766
1 0.845672460890397 0.6116665678930225 0.18463114718563745 0.27648175344036996
0 0.2158407477220999 0.5235380767832093 0.09241428413027988 0.12270701074469106
2 0.2859375 0.7270833333333333 0.41875 0.5416666666666666