1 0.23836190089868725 0.3566004822809961 0.19228257909743346 0.23954368275429008
1 0.1715566513577292 0.2007903108332787 0.1930798045516262 0.22711643435739787
1 0.640275345139113 0.4085183988062994 0.23335386031120037 0.29962305456221083
1 0.7551344259035364 0.1611539628740664 0.19253767061270252 0.2437103494209568
1 0.7877889764929629 0.7475362256706561 0.1717469384905499 0.2095039968503298
1 0.8531903201342639 0.5699899195618828 0.23233349425012406 0.28295638789554406
1 0.22469904512941472 0.7706381785910208 0.1990427621279715 0.2481680225000545
1 0.4987579116495329 0.5823378668006887 0.2124355824314133 0.26333336865825036
1 0.897243595888019 0.702969407524438 0.12126870636839726 0.17391536382065428
1 0.9027433942307275 0.37136888108729554 0.15618558243141328 0.2607143109463693
1 0.8701054637852632 0.0737201649221955 0.1316640724294736 0.147440329844391
1 0.7810906322719338 0.012374277927159618 0.2159437354561325 0.024748555854319235
1 0.5632355155826376 0.8016169533119649 0.25459113152302776 0.29022491033905334
2 0.37342204029762277 0.18595566582270376 0.3031559194047545 0.3719113316454075
0 0.4115283339292254 0.34022809680425004 0.0913900166698994 0.118511919901155