2 0.7440370214671526 0.1881339276239669 0.23648693313000013 0.319758897797466
1 0.7184291176880897 0.7613439882859578 0.14160953780340294 0.2471652004921869
1 0.7176101936761453 0.852943901919525 0.15756053970326392 0.1778004338870436
1 0.3300738260849647 0.8881367396702338 0.17264002583555565 0.14788549454903452
1 0.41208689228937445 0.882169337861448 0.18088893692972227 0.1735530248800302
1 0.4656301195879508 0.8536717982773454 0.18797539152687506 0.22200371581149317
1 0.48903190520715223 0.8090276269841252 0.18648562670923635 0.22603687641196094
1 0.5216281592912149 0.6845492586932429 0.19796864057694458 0.25822141887535444
1 0.48474902118281216 0.473437083081086 0.19796864057694458 0.25822141887535444
1 0.35856642125906213 0.5965508153439141 0.23303462480937523 0.3007418856650678
0 0.2676848884896523 0.7530522414174963 0.07340243882958344 0.0936412790451584
0 0.2810824265773957 0.2536933898855656 0.07340243882958344 0.09364127904515834
1 0.3361855410344442 0.4039619987695325 0.1633390674386807 0.24070095208564102
1 0.342514155110243 0.014493391940444963 0.14622168977951394 0.028986783880889926
1 0.3260708843086805 0.06370474809892912 0.225983231382639 0.12740949619785824
1 0.627596363507118 0.09197424069767349 0.180417464665139 0.18394848139534697
1 0.556501960296736 0.12105317037036957 0.18223453780340293 0.24210634074073914
1 0.5174563376715623 0.20853397388950232 0.18223453780340293 0.25063635821336344
1 0.8662945343849305 0.11112054082687038 0.17373105357097235 0.21038549454903469
1 0.1669231287060065 0.671171888753537 0.18223453780340293 0.25063635821336355
1 0.2919484978157985 0.1674756868217044 0.18223453780340293 0.25063635821336355