1 0.4666169354722289 0.2347741330412397 0.18594895697928915 0.25805360387876514
1 0.4605793952941871 0.3383727297218918 0.22676487175194143 0.27674144177774995
1 0.40576303043880924 0.08124630953848083 0.19784893912238158 0.16249261907696166
1 0.2559948555198871 0.05510362945766452 0.160656856330666 0.11020725891532904
1 0.4752207735422457 0.5907239424460589 0.20028419236879244 0.2803077272540546
1 0.6768985016281484 0.8595479546108086 0.1591216298696164 0.11594442158195382
1 0.3386621160764892 0.9498969156177595 0.159702282467404 0.0411022871421712
1 0.6246128474055075 0.5028100475587425 0.16212962743398443 0.22651895380883785
1 0.2778843031702759 0.8842576052463454 0.20689665665497756 0.18943038838847504
1 0.2502304561718055 0.5531188492308013 0.18816602191409731 0.30821146943898253
2 0.7186197662353497 0.25423883360065685 0.320799064120734 0.5084776672013137