1 0.6532127371797184 0.06966787417853285 0.14397263192686935 0.09692417642288745
1 0.6014339516143579 0.41102546863649253 0.17359597353086736 0.274189316937813
1 0.3496338571148758 0.43824679846012093 0.2582278387085138 0.32691503564610613
1 0.6398285558337495 0.69890120347845 0.19394270678164424 0.23060900364063266
1 0.4270483434660247 0.10125585856857958 0.18652831306795062 0.19722718839220804
1 0.47578125 0.8854166666666666 0.2109375 0.225
1 0.09423991997793862 0.769689337104894 0.14648550992479745 0.21357872261078134
1 0.5780436091817904 0.18578305906103604 0.2423845148871962 0.32054383085837784
0 0.8246810146823084 0.21687082161319526 0.25520984656639667 0.28523624850066664
0 0.44080897477372166 0.33371721193806575 0.09172092721213972 0.12151208014461143
0 0.42776951158193655 0.5951452440744671 0.08554370181924557 0.1235469315628535
0 0.2516823163777195 0.1551188187581295 0.06257708271265772 0.09212724486003397
1 0.6252523254784567 0.8029830267937069 0.19394270678164424 0.23060900364063266
1 0.4173051623249435 0.20120737665348826 0.21051377667402046 0.2578135417616943