1 0.7601460646483191 0.14474192681827705 0.14389654535327184 0.20245372921614385
1 0.6729967692552763 0.7350197193147703 0.17659995735199913 0.1914815128814079
1 0.2586166432606852 0.7012102699398933 0.16242836935072652 0.17832674845343752
1 0.7943648812858204 0.4294905974785769 0.1581044960216353 0.21977516031078076
1 0.8117876439370029 0.5807009115746166 0.11061133068109008 0.14675927888421328
1 0.4628438033100011 0.20752306474209387 0.13940904002227175 0.2251521410734871
1 0.5024431999920458 0.06801252716801472 0.13886360001590833 0.13602505433602943
1 0.4245143632638668 0.6622486000104656 0.16604426535645356 0.23472225165965313
1 0.40290353994272987 0.5435118315888622 0.17703630935708983 0.2414815128814079
1 0.5641746579010499 0.9452115374609884 0.16451703333863604 0.05972225165965313
0 0.24114262066359107 0.02566135813909535 0.09271475867281789 0.0513227162781907
0 0.1687098059357302 0.6231381962534795 0.07296588001272668 0.12834657374295896
2 0.24239494330841022 0.23340604078029473 0.23822944271163432 0.45257940713283784