1 0.7341007564562878 0.4196036613504621 0.204282580457717 0.2663324614987039
1 0.716919338251387 0.16659988665439734 0.2187492720436282 0.3042203824712965
1 0.8583691469175772 0.2227251775617583 0.17042103268728975 0.30480052203583347
1 0.5130234319506557 0.4118574351590735 0.21573353268728984 0.3062067355614817
1 0.3147819459485121 0.6903270916931478 0.21573353268728984 0.3062067355614817
1 0.3057243841802286 0.45793844478333307 0.19036219209011432 0.2388612071927779
1 0.3706231284802454 0.30776698746347186 0.17964321337743777 0.24268844300842618
1 0.5494697582978733 0.11716971631296272 0.22393951659574646 0.23433943262592544
1 0.813426895580195 0.7384973898208325 0.18397008045771698 0.26570208991824085
1 0.6961079916252523 0.8589947760918512 0.21245571337743777 0.24370673556148173
1 0.5298820580851127 0.8526763956453698 0.21365758045771682 0.2666234022281484
2 0.6209009059717552 0.6484828710763881 0.23840620818165767 0.29235075405175953