1 0.2581055907065436 0.3995705564832411 0.18488517202418073 0.24317334422416698
1 0.17240335335772614 0.24486875658490756 0.18635676535645346 0.23280516767907428
1 0.667762401376498 0.4445666350023156 0.2244749306969986 0.30480226393018545
1 0.7522903006842719 0.1962161700830101 0.184939716024817 0.24942334422416684
1 0.8565816427434509 0.7805452928029639 0.1658806333545443 0.21342479609861134
1 0.89296875 0.6010416666666667 0.2109375 0.29375
1 0.295290154081769 0.812071427430417 0.19278857869190794 0.2538324614987038
1 0.546678836728179 0.620968493792084 0.20385334802672617 0.2687552256830557
1 0.95078125 0.73125 0.0953125 0.18333333333333332
1 0.92421875 0.4010416666666667 0.1484375 0.26458333333333334
1 0.8530073686744087 0.10249302798532503 0.12788973734881742 0.15601103318083348
1 0.6383952640833599 0.8383400091159267 0.24471470536281678 0.2970993021773149
2 0.37049540802036274 0.21144366869148187 0.2909544533736345 0.4047555157029633
0 0.4297624147039983 0.3799044698563893 0.088518154678545 0.11938211347481484