1 0.31534381570360004 0.10898575566367731 0.19067803262324468 0.2076802164951932
1 0.3169567593543591 0.4651387918334947 0.19067803262324484 0.20768021649519308
1 0.20746240114168252 0.6232425305779405 0.17715404349765967 0.2763090117074649
1 0.206500784526049 0.8336167755689023 0.15187020060802237 0.21571053785920594
1 0.3371804401535369 0.902378201539879 0.1541038626613008 0.1865681121500849
1 0.3495278843357686 0.7283653260520679 0.15187020060802237 0.21571053785920594
1 0.4845302840317574 0.8345843303473398 0.1755623685927999 0.2242256783741316
1 0.7335673033091293 0.7108064151800064 0.17556236859280006 0.2242256783741316
1 0.49477140015309934 0.627262362483741 0.1755623685927999 0.2242256783741316
1 0.7739256368444075 0.18249354775902765 0.16975272037968575 0.34081962216816136
2 0.5425363739928263 0.26551919789924633 0.35948106524648954 0.4151907462875668