1 0.5165601003040112 0.16315670851059313 0.22374520060802236 0.23822181374826723
1 0.6619707593915403 0.13122577680078823 0.22081651878308045 0.14238848041493388
1 0.627854380455798 0.3652608266977013 0.224220044486243 0.3047184194047546
1 0.56640625 0.853125 0.2453125 0.28958333333333336
1 0.3920229457022875 0.7507211260791798 0.26512888737588025 0.3693866113259058
1 0.22694047927693436 0.41921672223299816 0.21478137749004844 0.3016147200103449
1 0.875 0.7083333333333334 0.246875 0.37083333333333335
1 0.840298619618564 0.845191908323816 0.19587486859279996 0.24349404889837178
1 0.8649405449805345 0.3775684335783005 0.23158687551288218 0.290985391122318
1 0.10289282562661284 0.487733447075135 0.18732222235685217 0.37130022748360336
1 0.29082261266130083 0.2164528010244036 0.19163303756616062 0.2575671992011669
1 0.46796875 0.86875 0.2390625 0.25833333333333336
1 0.7207872742574688 0.7563956658936958 0.24242621642535306 0.33992242385006105
2 0.42918607018940536 0.48898622870771524 0.45551775992301274 0.6372004161835599