2 0.6578125 0.7895833333333333 0.334375 0.4166666666666667
0 0.3130042883915711 0.5334438066578812 0.10109074855010754 0.12989389539303603
0 0.3616230776083348 0.8118233367121105 0.10109074855010744 0.12989389539303603
1 0.4032283919207004 0.6507589189388938 0.26413796805592077 0.33315291516733325
1 0.48802759917945177 0.5077300874258769 0.26413796805592077 0.3331529151673333
1 0.6085051199253761 0.45660427191559655 0.26413796805592077 0.3331529151673333
1 0.8487381110023066 0.3553882473223163 0.26413796805592077 0.3331529151673333
1 0.7788731290489386 0.18408827555622925 0.20343542116548718 0.19940748555572393
1 0.7176871753146721 0.1929845166447027 0.2408654888018452 0.28091201560995327
1 0.5448039371375268 0.036503533040222885 0.15523287427505378 0.06575901977429723
1 0.5172243114125805 0.10084445679809974 0.2156986228251611 0.19533778271923988
1 0.271045621799476 0.8256976220372335 0.17029103444287888 0.16583174264693432
1 0.17210660125404426 0.5000734173804331 0.18932629958972588 0.25344082695588954
1 0.299754314111873 0.21785516809419955 0.24877307718412753 0.3101271641917112
1 0.35017852137062433 0.07455968604818043 0.19410704274124865 0.145192336973966
1 0.44456990664334023 0.23772025214129933 0.26413796805592077 0.3331529151673333
1 0.808436110177114 0.6080890305652674 0.26413796805592077 0.3331529151673334