1 0.4029647198068137 0.7821870547287051 0.27316363399378396 0.3784001886999567
1 0.6173761302697305 0.8362271211827322 0.22871581306795044 0.21998199677880545
1 0.5388336375084407 0.47357801694359963 0.20513707195929065 0.30250762627242245
1 0.25399206472058045 0.6258726371601183 0.18624152274507902 0.29630022748360335
1 0.3888506383370102 0.10602746110356796 0.17533825599585598 0.21205492220713593
1 0.22081772994100807 0.2823351274642067 0.19525264970954975 0.2869039268780129
1 0.7297710448709855 0.1474734799637929 0.21036822745980857 0.2740212036464734
1 0.550134894747151 0.11605118402907952 0.19437935442427942 0.23210236805815904
1 0.6750406954091048 0.059248743621904305 0.19695639081820956 0.11849748724380861
1 0.20854670822938637 0.13310040201001389 0.16388702564056318 0.14651288970496346
2 0.731691071545006 0.40448875450960015 0.3902869755977818 0.567557853756026
0 0.24437516211554655 0.5077178506957462 0.06377570967712849 0.08788237939699582
0 0.3927421573580356 0.9160943009920758 0.07798375889134013 0.09357959515527696