1 0.6262209271460766 0.24895833333333334 0.1840152433504862 0.24791666666666667
1 0.7172277868534724 0.2708333333333333 0.1840152433504862 0.24791666666666667
1 0.5616284842324306 0.03958333333333333 0.16388196846486114 0.07916666666666666
1 0.22080738174322936 0.296875 0.16522887575930573 0.24583333333333332
1 0.23667660961048664 0.8479166666666667 0.2006935970739585 0.21875
1 0.2617200564207639 0.08958333333333333 0.16719011284152788 0.17916666666666667
1 0.48661160685760424 0.128125 0.19815047853284734 0.2520833333333333
1 0.4661776991819101 0.5239583333333333 0.18401524335048625 0.24791666666666667
1 0.7891787880877434 0.49895833333333334 0.18706750816812523 0.24375
1 0.3716438363403821 0.34479166666666666 0.18706750816812515 0.24375
2 0.6909822499030909 0.8260416666666667 0.26537565254479195 0.34375
0 0.2930519365484726 0.7208333333333333 0.06715243882958344 0.0875