1 0.28624559925699294 0.4077183077966991 0.17690075599585606 0.24119050646897655
1 0.3316609148061429 0.16046963713639925 0.18595042431665557 0.27697093115118226
1 0.18614720761021383 0.18186511384892703 0.13631429735218487 0.2850595465183991
1 0.5037220436326404 0.4543618655651256 0.1829709735308672 0.2809920946116333
1 0.66687905335255 0.7791403359783128 0.1829709735308672 0.2809920946116333
1 0.7022280101341944 0.5512468223660327 0.16665246071058562 0.21575399685032964
1 0.6547794294884512 0.38627326786036725 0.1543707845319034 0.22142198402546734
1 0.5053723966091779 0.13830035594647866 0.19863020678164425 0.2380423622458192
1 0.17260466853019657 0.7039583686582505 0.1567338052100677 0.2444114022952417
1 0.27094366108659845 0.8681713502649197 0.18485880521006778 0.24572093115118226
1 0.4375 0.8822916666666667 0.1875 0.23125
2 0.3712262591007371 0.6631250706498342 0.20880572745980874 0.26139553853113284