1 0.7528250791972091 0.28856276745116016 0.22067240496334897 0.29101692605424545
1 0.6120304704148033 0.1761757781627363 0.26343905917039334 0.2756644558233278
1 0.49540070926693847 0.36584130110448865 0.22935899011264294 0.3082902944653911
1 0.440625 0.9635416666666666 0.171875 0.06875
1 0.6328125 0.8427083333333333 0.2375 0.3104166666666667
1 0.1984885963740333 0.8071674102221719 0.18131497402109953 0.25268809101407946
1 0.6703957194063971 0.5739701324486409 0.23895251139996637 0.3131850032254325
1 0.52265625 0.9604166666666667 0.1921875 0.075
1 0.23114219526908206 0.6183018452811608 0.18923673466476124 0.255378126091892
1 0.4698497801662744 0.7184202695344576 0.19011081981405517 0.27204479275855864
1 0.36640625 0.871875 0.2109375 0.2520833333333333
1 0.40229629340782613 0.7351383047063861 0.17829923466476122 0.25452874364962125
2 0.28163314020918795 0.3136796662902018 0.40860871958162404 0.6106143644327833