1 0.7479751195208726 0.1214297018333937 0.17940932588823238 0.2428594036667874
1 0.675269673697483 0.03434261258766972 0.18696065260503386 0.06868522517533944
1 0.6375148467757936 0.3910694643287783 0.23740591645877274 0.32977504626553533
1 0.8327095686540311 0.5561388484557618 0.14899407981717375 0.25159887929125185
1 0.49619406410591715 0.8912665299249397 0.19335620181924557 0.13907090067675726
1 0.18645746091998272 0.5043857053279186 0.20546240363849116 0.26265509767441925
1 0.7479471168347855 0.6859310775316819 0.2116053957806084 0.3047222825396834
1 0.4573607739879334 0.28598984680693823 0.21160539578060839 0.3047222825396832
1 0.37272256244877805 0.11725125025839746 0.20568072745980875 0.23450250051679492
1 0.19563760008556247 0.7767419658668627 0.15735454342324345 0.31254957022271507
2 0.3683174288692788 0.6498233107173605 0.3834547787409351 0.5416570861572549