1 0.5922899693053207 0.5444289208748041 0.22256577469461652 0.32729463137448966
1 0.8231623836223306 0.6199910132390756 0.18726689212119324 0.28150694237552565
1 0.6714008193099651 0.79144372594828 0.18882939212119307 0.2816039751850004
1 0.6893471811374642 0.8865007968058175 0.17535704274124875 0.15413251061376912
1 0.9020505199207317 0.14573296526621504 0.15693892946385687 0.18620441742393415
1 0.4676129684801281 0.8061898409180325 0.17900410622842172 0.24570214447096106
1 0.2867322506246999 0.1147202663364413 0.17900410622842172 0.2294405326728826
1 0.32049102137062435 0.06464605569415151 0.17535704274124866 0.12929211138830302
1 0.240572258722577 0.4669633548400673 0.17900410622842172 0.2457021444709613
1 0.7526774819533679 0.12646244072439897 0.21854020290907386 0.25292488144879793
1 0.8756800419160561 0.3438950860269358 0.16577040041956295 0.25941218251902426
1 0.5115065236689313 0.9163610534906451 0.1779133576783142 0.11692360904219233
2 0.3910458554032291 0.4659815384638508 0.26174667386477957 0.33180378494468504
0 0.7865699977249149 0.3347941064289104 0.08380816016782511 0.10485164047372374
0 0.7391542365267602 0.6178906018792935 0.08380816016782511 0.10485164047372374