2 0.39375 0.7135416666666666 0.490625 0.56875
1 0.3850496449126749 0.43969096487143405 0.1918303798517325 0.23799276194725394
1 0.2190724700477511 0.5039954726361696 0.23225697241000381 0.2928056671182457
1 0.2268427861123347 0.29450686039430685 0.18807046279135697 0.27308187999340156
1 0.15415676506094245 0.19896863108652177 0.15807044954451305 0.1399757711437939
1 0.11474457939624547 0.3615365106283443 0.17707839908902612 0.27023426654552396
1 0.6514112217770316 0.15885255917179603 0.22157244355406328 0.2421505698772077
1 0.7991642194147789 0.3812882006608726 0.17573415389834945 0.27845841700535096
1 0.92734375 0.7989583333333333 0.1421875 0.18541666666666667
1 0.7905581227649743 0.916163382328364 0.17062501324684387 0.14293256746517785
1 0.47265625 0.9375 0.2140625 0.12083333333333333
1 0.5473983666897067 0.564369284635747 0.226279790921658 0.3027856022908869
1 0.7794990824762884 0.791659134627499 0.20920141832631992 0.305751257348984
0 0.7303522212288774 0.43366663801975414 0.08592263103285873 0.12453669229583575
1 0.4558581635169964 0.3146688180296517 0.22181054573098144 0.3107913870037013