1 0.26206589682539594 0.46552812158628415 0.21710356415651583 0.2710446313744898
1 0.13012414134828337 0.313892769781299 0.26024828269656675 0.3698859818015319
1 0.4217400879106675 0.3876828861289946 0.23831723010335967 0.29105605789765804
1 0.7434927768364706 0.2634849972381016 0.17920304595791858 0.260382510613769
1 0.6056108474713915 0.16507167824259086 0.2512783050572171 0.2690126865162616
1 0.49140625 0.9041666666666667 0.2140625 0.1875
1 0.61328125 0.928125 0.2109375 0.13958333333333334
1 0.5456131747416008 0.7286589892436268 0.21946710055371027 0.287808330850631
1 0.7801347763750452 0.49561116459373983 0.23406982109634597 0.33233459332642673
1 0.31133950185492654 0.7935133165128083 0.2363937846991516 0.31586199227870915
0 0.3734375 0.9927083333333333 0.084375 0.010416666666666666
2 0.7884620087947569 0.7625461075216452 0.34871211443337097 0.41630725613244784