1 0.6099698395714234 0.35740472866745365 0.19437086189159736 0.2249398313809543
1 0.6480543338718402 0.14677229388915583 0.19139133225631966 0.23310338605776929
1 0.4527171179724302 0.5855439078313864 0.21984364057694455 0.25338139396643466
1 0.2890625 0.9416666666666667 0.16875 0.1125
1 0.7030814470946177 0.5334587556887271 0.1613401563445141 0.2106571554875113
1 0.8145138288378471 0.24235623001035192 0.11435605357097245 0.2018604756397357
1 0.51171875 0.9260416666666667 0.1640625 0.14375
1 0.72578125 0.9614583333333333 0.1859375 0.07291666666666667
1 0.2839093005337495 0.8036714170333755 0.15156511284152785 0.18723115285128955
1 0.6331650713353121 0.7757267372351746 0.1613401563445141 0.21065715548751124
2 0.2503584502287498 0.3514218498345069 0.2665757830537503 0.42659162849102533