1 0.17960573650634667 0.07331209482900827 0.21891352698730665 0.14662418965801655
1 0.3101237629894502 0.11242182270498899 0.22350247402109957 0.22484364540997798
1 0.7759347972662239 0.18033390698272023 0.1981418411013786 0.2753835790737476
1 0.4561086163239745 0.23796928840792622 0.24752983590559854 0.3265757319456044
1 0.33785065319863816 0.3853046057602095 0.24752983590559854 0.3265757319456044
1 0.1911295644430481 0.7785234185142227 0.2307029688253194 0.3025672365438742
1 0.17998887671553465 0.3527458502946088 0.20384553788306992 0.2654036439011063
1 0.748177239937416 0.754128466005794 0.22267194753799585 0.29785465550967605
1 0.8242962515894838 0.3565024739963192 0.2407663836760257 0.286664849991752
1 0.6106761480028581 0.31849930197694665 0.2115487772394083 0.26386622493530465
1 0.6517813852655093 0.11535209897569923 0.2131112772394083 0.23070419795139846
1 0.6171186280529171 0.8338602035298938 0.22015895273377595 0.24993798884300938
1 0.48768250032897614 0.8678131991574134 0.1987866972858944 0.19862779436093328
0 0.12050498005005886 0.5073905517869847 0.07443155347041022 0.11313737976761212
0 0.2364688336366846 0.5522176534005031 0.11178944183801276 0.14273191919159126
0 0.744347035614156 0.5748481870972646 0.08725933540139544 0.12026084275566286
0 0.7232261524423336 0.6510491987058343 0.0766824683211162 0.09668907884795815
2 0.47642756209725956 0.6371592755933417 0.43000311834078675 0.5406691813646347