2 0.39838144740679293 0.43463336794056445 0.30764702344038464 0.3767359715612853
1 0.3101047015688461 0.8003405575489836 0.21075343460686655 0.27166022430976633
1 0.6030293746124038 0.41731696066147655 0.16886632325581452 0.27463403488957994
1 0.80234375 0.875 0.1671875 0.24583333333333332
1 0.76640625 0.9083333333333333 0.1671875 0.17916666666666667
1 0.4764503948135859 0.8443919643574903 0.2028408050572171 0.26897018923195426
1 0.8014180074012556 0.35073886917681585 0.17227312307124443 0.1835740699673922
1 0.95234375 0.8260416666666667 0.0921875 0.25625
1 0.9140625 0.3541666666666667 0.16875 0.25
1 0.6383427182262839 0.6338417395771427 0.20460356415651582 0.27325819624751657
1 0.8186507819213744 0.6769018761923784 0.20460356415651582 0.27325819624751657
1 0.19938274290328617 0.4399351366152356 0.16886632325581444 0.27463403488957994
0 0.20151214913252255 0.7109607541729651 0.05713018198597286 0.0874589051957905