1 0.30698202597128704 0.5449721446287396 0.23235239853730266 0.33176701275588183
1 0.22572452313191324 0.24301318025830942 0.21294783360249453 0.28103958704991905
1 0.31259723173605536 0.19849116688613627 0.21938874837514694 0.29586539561857333
1 0.48325460511284996 0.1717955931197144 0.20713421022569994 0.31413044514793137
1 0.5741616176914563 0.6740273421298807 0.216100107141445 0.28324415800091274
1 0.7050042889569306 0.8269450605250425 0.21610010714144484 0.2832441580009127
1 0.46640625 0.978125 0.1828125 0.03958333333333333
1 0.8106234488616142 0.42499899595198953 0.18945578652459397 0.2759636382507987
1 0.42572016355154113 0.7276132458865926 0.20203760714144484 0.28269858872144055
1 0.6191353782447633 0.41132319187028493 0.2194432954530477 0.30003206228523993
1 0.9037184784863491 0.7961322919842314 0.17076824188232537 0.1607134980203327
2 0.6485210949665803 0.21048254411797152 0.35641718993316046 0.3844725653201377