1 0.4734375 0.9302083333333333 0.215625 0.13541666666666666
1 0.3203125 0.8645833333333334 0.21875 0.26666666666666666
1 0.4816137128529815 0.06904545780191586 0.17885242570596294 0.0527202884937827
1 0.2042020475053528 0.714327382231705 0.212387654394062 0.3036980533436783
1 0.7295310049480579 0.6436830036723357 0.212387654394062 0.3036980533436783
1 0.373198436922227 0.5654107905231932 0.1885864415410805 0.2844804715243209
1 0.515415714502334 0.2608182836619907 0.18858644154108042 0.2844804715243208
1 0.6195589598834805 0.532990460636625 0.18858644154108042 0.28448047152432093
1 0.7390625 0.8833333333333333 0.1875 0.22916666666666666
1 0.3541599657559753 0.22871866628018125 0.20448422618081655 0.2986810816261147
1 0.777285228688099 0.3319268056952806 0.20283079796757128 0.2943443539492686
1 0.5265625 0.8552083333333333 0.234375 0.28541666666666665
1 0.1930108317493775 0.5229371076858979 0.2382514724198929 0.3460023628398815
1 0.4437202224198929 0.36836538567847016 0.15927937476889084 0.22725270667442532
2 0.6449691706913979 0.16164677235548172 0.19931334138279588 0.20459095960575588
0 0.2503078208623178 0.862754060011638 0.05788670783841656 0.0811221963664579