1 0.915625 0.89375 0.165625 0.20833333333333334
1 0.7298165410064761 0.7815785934539216 0.19226688947037918 0.25755388854435896
1 0.9057911869306412 0.23849133353021107 0.17157244355406362 0.24123497635043734
1 0.5349157248570746 0.5425076927771644 0.17954863466105592 0.24815250668143285
1 0.3830333102437698 0.7852068270579563 0.17954863466105592 0.2481525066814328
1 0.10805810289470844 0.6733683518395476 0.1796031983633867 0.2502358400147661
1 0.15413695081045745 0.46839905202411763 0.1811656983633867 0.2503693460809652
1 0.29559776451278824 0.4825646843484691 0.15340279691210784 0.20226640962224732
1 0.2182440577118811 0.1184238371354751 0.15080358656782164 0.16254957022271493
1 0.91796875 0.7104166666666667 0.1609375 0.25
1 0.7999553930985763 0.423804069496742 0.1711012176006804 0.28276813695090497
2 0.660659736205002 0.19468096750338607 0.23694447241000383 0.2967087250646003