1 0.37878661070687036 0.26824939280314525 0.20963114718563744 0.26394858872144067
1 0.19683938971665266 0.3488388485964977 0.23692168927901225 0.2816457751382214
1 0.20300463168297056 0.15395625371658567 0.2357540314288568 0.21920639394705171
1 0.4281741477503348 0.5529355024186065 0.23995568401734033 0.2796836794225485
1 0.6820209426157199 0.7432974862310052 0.23995568401734033 0.27968367942254846
1 0.513256261088041 0.8087468924949996 0.18859060509226264 0.24649387753998084
1 0.38626112158314985 0.7599958407665047 0.18951606826055975 0.2319711630154778
1 0.09453125 0.9270833333333334 0.1859375 0.14166666666666666
1 0.08147584758798429 0.7445652225739657 0.16295169517596858 0.2568499253978172
1 0.18517530567107743 0.5800282297876674 0.21541071032569964 0.2891304451479314
1 0.5935610132247667 0.11693669437756737 0.2066279735504665 0.19519858872144066
1 0.7232870396037132 0.2106612691992197 0.2148646787556686 0.27663044514793145
1 0.7520582397590049 0.42985476334889394 0.2148646787556686 0.27663044514793145
2 0.5758821476091605 0.3604139097378313 0.2303832629424182 0.3105093477607369