2 0.59453125 0.8666666666666667 0.3578125 0.2625
2 0.7283786304725 0.4823342016181489 0.4742289558877827 0.68038937107213
1 0.5378198889534898 0.7374888191468524 0.2365544710040611 0.2798507540517595
1 0.3843723187799943 0.872101915018843 0.2083898982096719 0.24569308865166686
1 0.2800352722037669 0.8761447435400466 0.15837130937615385 0.1463702084593521
1 0.4758741941675904 0.5036212235290283 0.17760097316352944 0.22185510967509275
1 0.5079264281284616 0.4401289179311117 0.17760097316352946 0.22185510967509275
1 0.32553423272425336 0.4594313286461577 0.17760097316352938 0.22185510967509275
1 0.3476106893872285 0.38314808231879666 0.17760097316352938 0.22185510967509275
1 0.3657506176725735 0.32234436562671337 0.17760097316352946 0.22185510967509275
1 0.27424783081395365 0.07403803609310215 0.14849566162790725 0.13566260106324088
1 0.22747985965300904 0.28580981332231503 0.1644792119047624 0.27345354179268533
1 0.16881266578996038 0.5096936695789354 0.12265265730897061 0.24719279863175933
1 0.1421650323827997 0.8479435245689816 0.13056768198597282 0.08726103318083342
1 0.4118467627999264 0.16151727482101894 0.22994352559985284 0.3046083034438892