2 0.36680324326250474 0.659231913424389 0.31905102361132165 0.4541850647717496
2 0.24096134328594587 0.09764326752799393 0.25067268657189173 0.17552763725852183
1 0.12947141490547767 0.6774806580287934 0.25454309601642033 0.3466279827242535
1 0.1442828277678519 0.492357385357451 0.18705561416679295 0.2721372218776923
1 0.7946686471478885 0.457337661929374 0.22787151170746486 0.3193583795988687
1 0.23061471662612099 0.23212539173126692 0.22787151170746495 0.31935837959886876
1 0.509498240728422 0.250747891214472 0.22787151170746506 0.3193583795988688
1 0.39754366227319904 0.36613545444813717 0.22787151170746495 0.3193583795988688
1 0.6658436894987579 0.2859734978343815 0.22787151170746506 0.3193583795988687
1 0.8459776588553535 0.7616098560477449 0.22787151170746506 0.3193583795988687
1 0.903125 0.646875 0.190625 0.31875
1 0.9140625 0.5145833333333333 0.16875 0.31666666666666665
1 0.0552794151018694 0.4982892062507692 0.10748628883482803 0.2924117458348718
0 0.4234375 0.9604166666666667 0.078125 0.075
0 0.3084215540583344 0.165884028374555 0.07227497579950323 0.09780794571182505
1 0.57421875 0.8739583333333333 0.2015625 0.24791666666666667
0 0.7193429568635636 0.9132291116525189 0.07543633723582169 0.10640829117755667