1 0.5719990626060225 0.4853086616690672 0.22310022721932726 0.3072021139766631
1 0.14341521641955404 0.3615024946014153 0.19733633538669526 0.27550959834651856
1 0.14452388175064898 0.7029168224025021 0.2151240361123347 0.30016278617557623
1 0.7931175721398513 0.09050637509250568 0.22061014427970277 0.18101275018501137
1 0.3944048306621898 0.643204399987615 0.22008435462398895 0.31105304952289503
1 0.8151438834799295 0.25812470426117284 0.2200843546239888 0.31105304952289503
1 0.34907739546082905 0.12206148630304552 0.2096726442797027 0.24412297260609103
1 0.7291940037130151 0.47569317286722207 0.20972720798203354 0.2726058561615909
1 0.56780266904411 0.8335255189309149 0.22291668874473985 0.24069331287021356
1 0.7430283583370041 0.7646450439596859 0.23908732576804842 0.2631053018057206
1 0.9015625 0.5854166666666667 0.19375 0.3333333333333333
2 0.5884970487262065 0.22856259501478562 0.4519940974524129 0.45712519002957125
2 0.3791815908289909 0.3909476605688104 0.32152285825218596 0.43558191314992245