1 0.26281179292900597 0.8023267239550793 0.15104252965749526 0.1976540072360893
1 0.20546875 0.9489583333333333 0.1515625 0.09791666666666667
1 0.31015625 0.9541666666666667 0.1546875 0.0875
1 0.2695777405712788 0.6065479820584991 0.1710658695813831 0.24063086838483183
1 0.4046875 0.8979166666666667 0.159375 0.2
1 0.8658107534228601 0.5667874739909067 0.16637836958138302 0.240303319764313
1 0.623160338403832 0.5393928704940049 0.19520370653952135 0.2651852781540936
1 0.7573801239928264 0.3232912746847712 0.18232170456235508 0.2518118151660429
1 0.7949212277568786 0.19647203979849076 0.17387253460041113 0.23043256746517796
1 0.7931386214841873 0.8696572342805668 0.19313187056996614 0.2484094286139206
1 0.08039049555137572 0.18171917608899613 0.16078099110275143 0.25093835217799226
1 0.15085030380342093 0.7256063741891168 0.18382053756616062 0.24983766470621588
1 0.13956392981059462 0.4544499216036209 0.1521248685927999 0.23307067390275596
1 0.14337467931630302 0.45784787878738675 0.1521248685927999 0.23307067390275596
0 0.6562553171864749 0.14815850595300706 0.07993685079830275 0.11576662746847712
2 0.38260295847950665 0.28979571837658397 0.4147707431170987 0.5112841489509553