1 0.20368145267916088 0.7902414171821012 0.16657039734428025 0.23469313374568088
1 0.05353756957642836 0.6372021353562783 0.10707513915285671 0.22023760404589007
1 0.65078125 0.8625 0.1640625 0.2708333333333333
1 0.7075392683467643 0.3187893347830157 0.15258971057599685 0.2519125846540665
1 0.9592699399897373 0.30762749075522927 0.07738972267624504 0.19791632283212293
1 0.4046875 0.896875 0.184375 0.20208333333333334
1 0.5125 0.9510416666666667 0.125 0.09375
1 0.3084381721339523 0.427507110520607 0.18217721662612102 0.23222707718080807
1 0.16387510587717358 0.419068133745681 0.182177216626121 0.23222707718080807
1 0.6472552324388026 0.5206603497295326 0.19326925273047452 0.26883417091873046
1 0.5646881721339522 0.45539711619002543 0.1995919756031114 0.28618108162611466
1 0.8898416664766116 0.8138565339841826 0.19327834308955402 0.2709175042520637
0 0.20051762958669112 0.08226950647471705 0.08333974082661781 0.12984656687284046
0 0.6682863916869395 0.17903611235677483 0.10205337939029935 0.12355396566165974
2 0.3704392441462675 0.19038948991760282 0.36224651170746497 0.3392840933514369