1 0.8511478971299378 0.18955055290063888 0.1719913232558145 0.27735944753799596
1 0.22826110965300903 0.2591355486620152 0.17042882325581443 0.27721376667978037
1 0.5526705382428958 0.8859870544132481 0.1718330320782579 0.1446088376375253
1 0.7907608235603563 0.9087809114893521 0.161277461443337 0.05444278087132919
1 0.500091746603914 0.5267648737231002 0.20520434145441174 0.28875207889385796
1 0.29013244910483593 0.11105081517372788 0.20526489820967192 0.22210163034745575
1 0.4486365615356222 0.06902757011740641 0.19414812307124438 0.13805514023481283
1 0.6858757456810634 0.07836663520710042 0.21878717766703612 0.15673327041420085
1 0.6524795735603564 0.921673667441437 0.159714961443337 0.054297100013113685
1 0.41893828346253387 0.7812662181202644 0.1838905459579186 0.2660248944037212
2 0.38798656307678164 0.25156776779068596 0.23659404379845023 0.32693668186662184
2 0.7483161003968269 0.6951007024161062 0.17497662091177607 0.24237982344597622