2 0.44674429756158185 0.42591442550194686 0.44315941852568735 0.5875883412915734
1 0.717972826511914 0.6305533470743484 0.22090762117350238 0.2968767259816571
1 0.8177159613342674 0.6771188740708344 0.22090762117350246 0.2968767259816571
1 0.5921658436754217 0.7943814920169725 0.23173811331561964 0.339052728617879
1 0.42539572063989234 0.8138388721432428 0.23300951488719618 0.33080428461280487
1 0.278261933003108 0.15955014225682765 0.21385710049533807 0.27362050200195376
1 0.24418018548430737 0.108377596806789 0.16395980024766904 0.13990871148243725
1 0.4222538356081419 0.0472941758686556 0.19299232878371625 0.0945883517373112
1 0.596979853805107 0.07313070879664071 0.22479029238978612 0.14626141759328143
1 0.6492422129868973 0.23192748147208533 0.24089478949430188 0.33331206458743406
1 0.6932939658823815 0.3771701342985876 0.24089478949430224 0.33331206458743406
1 0.7748372183635809 0.31971577855736893 0.19961481803034928 0.31235494205269515
1 0.4487004799455173 0.9279783088987069 0.17649403349844608 0.09692271543677008
1 0.0915795703066609 0.16865275031713403 0.14099318114108117 0.10747026088680858
0 0.11264543341739275 0.369208075741802 0.08369010339082214 0.11891268907455199
0 0.14028674400414398 0.2252688471487104 0.08369010339082214 0.11891268907455199
0 0.5574932830886705 0.9387027225872304 0.06737159057054054 0.05356535178688589