1 0.27865494291364595 0.18373516895404618 0.2077800516711113 0.2856051782347008
1 0.48030836189159737 0.17015067157756109 0.23797669794763915 0.31753978120746473
1 0.6759299864166322 0.16964889763393862 0.16642769984750014 0.24015080925442725
1 0.6287620860560417 0.05641141367423223 0.19189917211208343 0.11282282734846447
1 0.7092847342324305 0.009864438257341408 0.14356946846486113 0.019728876514682817
1 0.833013828172257 0.06666098412777405 0.19102765634451407 0.1333219682555481
1 0.29677569538218795 0.6390382433756445 0.2081073599917363 0.3043551782347007
1 0.07560594414791694 0.4311628826676194 0.14095622758291684 0.3001742346647613
1 0.11398007275701424 0.5673955562619928 0.2079255220358335 0.293938511568034
1 0.2587093848773614 0.4307848889230554 0.21403005167111128 0.28618790166756336
1 0.16610300436840303 0.3705572191286707 0.1804538322563196 0.2393786036450348
1 0.40960365691319484 0.6921637286798924 0.20810735999173632 0.3043551782347007
1 0.7040271105604171 0.748181901097792 0.222278962765278 0.3119163059586415
1 0.92734375 0.46145833333333336 0.1421875 0.3145833333333333
1 0.35551818179882 0.8662310800047635 0.24880378875333342 0.22287189473985666
2 0.5993532218833337 0.44493263559448554 0.43874433662472256 0.6482498884844206