1 0.14239163788298081 0.9254397218459064 0.12758238433001132 0.12726626413349418
1 0.6800418322074548 0.8847558133597268 0.16538277297895937 0.13613665309764636
1 0.5421401164451811 0.8217201967453835 0.20179993676633484 0.21342949344127932
1 0.4567311474437048 0.6709249110523439 0.20125971622369915 0.16978867631478564
1 0.6613278123108145 0.6099107289332734 0.168426232262828 0.23186080355747318
1 0.6465410263750453 0.3991576549093747 0.1671035641565158 0.26914243781046054
1 0.7782823797065328 0.42836418589124975 0.15626619370616518 0.2704614910292496
1 0.4566076388058315 0.44668919116688827 0.207467748301957 0.2989553429814523
1 0.6906169031469174 0.093843016735486 0.1565875663159842 0.187686033470972
1 0.3953532703580656 0.03661623925876091 0.1530434592838688 0.07323247851752182
1 0.18056677051494913 0.5199628606971637 0.16363860271317873 0.22944992160362088
1 0.23730333359173078 0.2305019983424061 0.177801232262828 0.23251590079851123
2 0.34159060148578624 0.928130980703762 0.30410531153562215 0.10637977837988306