1 0.34912565396245626 0.3468691014635056 0.23882833203372567 0.34590195423064596
1 0.3557376386060028 0.5734187543447292 0.24484197469763486 0.31920675213521055
1 0.38056382125241284 0.7707275299169964 0.17881698535963508 0.26929804080394937
1 0.3455706559118677 0.8436955850587683 0.18980902936027153 0.2762272704702705
1 0.750803595918231 0.7560640874048788 0.18635676535645337 0.23853320485132154
1 0.4331573979949093 0.0392293581483331 0.17431020401018138 0.0784587162966662
1 0.1451744979710468 0.27520539950466194 0.2055612986950896 0.2917809318983487
1 0.5982915019891824 0.09101584891250719 0.2190419960216353 0.18203169782501438
1 0.6892512146324107 0.2934727987361402 0.181814716024817 0.2549087730895648
1 0.7486983926241383 0.3709870355713729 0.18964539735836256 0.2574772704702705
2 0.562986517266094 0.6250967240179572 0.4439532787237246 0.5876828861289947