2 0.2977726843733188 0.6823478236015958 0.20962564431968733 0.28201061705514263
1 0.6035470729930228 0.5434158916064507 0.18276821337743776 0.24542992473875103
1 0.28844623290005045 0.42923605517999236 0.1827682133774378 0.24542992473875103
1 0.5777215363704606 0.3076983058825919 0.16172373986054148 0.20080690550145733
1 0.6618119491274799 0.10115398053652494 0.16172373986054148 0.20080690550145738
1 0.6828239356338266 0.1760316215534667 0.16172373986054148 0.20080690550145733
1 0.7655821692901815 0.32181202857321384 0.19065712303236387 0.27697093115118226
1 0.500957668533877 0.6271659092689091 0.15322282500983525 0.21703706254947713
1 0.6649769738458726 0.8283927297208347 0.20025064431968714 0.2815741074364958
1 0.1402447716162996 0.8923114742937297 0.15739687278026224 0.17774473562857504
1 0.17097523759162744 0.6778604125882154 0.14083208565349697 0.21853838305794823
1 0.19307302078312039 0.18220895826265165 0.15620571337743777 0.24419314748591828
1 0.4179087658394418 0.03772152958681277 0.14855746832111638 0.07544305917362554
1 0.5133305264831035 0.03341927235869129 0.14833894703379294 0.06683854471738258
1 0.3643413694260676 0.09219243424430722 0.16819226114786484 0.18438486848861443
1 0.29950333724298084 0.18868380678310015 0.16684828243518837 0.20935849364411407
1 0.4081352920704438 0.1680389461686614 0.16684828243518832 0.20935849364411407
1 0.44786978142678213 0.16826711362274566 0.17419088887180562 0.2304828333898787
1 0.4474820153352388 0.2202413195514173 0.17419088887180573 0.2304828333898787
1 0.4749243183014459 0.3062499116877072 0.17419088887180562 0.23048283338987866
1 0.5206588912944687 0.8756381256036452 0.18036447921687965 0.1995965914054177
1 0.8222959810584651 0.101876584401369 0.13065941015912905 0.203753168802738
0 0.26653412000714527 0.8916269277753306 0.0778079257464694 0.08675265867940046