1 0.3418565468807692 0.7394328486961543 0.17371450956072393 0.24975135159593928
1 0.27734375 0.9125 0.1765625 0.17083333333333334
1 0.5359375 0.9197916666666667 0.171875 0.15625
1 0.721875 0.90625 0.171875 0.18333333333333332
1 0.94453125 0.7270833333333333 0.1078125 0.20833333333333334
1 0.8988251310908089 0.2929505037636808 0.18697597316352949 0.23450547497122895
1 0.3846205336194174 0.3674646055446315 0.18697597316352937 0.23450547497122898
1 0.15249154919712105 0.18022756432010628 0.18697597316352937 0.23450547497122892
1 0.6516134762458484 0.6815804929665114 0.2186264913621267 0.24599611950890957
1 0.3799750015411595 0.23845580443818226 0.17659967766703613 0.21272494827659147
1 0.3048805737172398 0.5200824675057925 0.2185053778516063 0.3081803883884748
2 0.5979518483942421 0.3900549211809686 0.3385756508305656 0.4447045742843425