1 0.3793670388612047 0.6814233413961184 0.2675436551495022 0.30392716804581615
1 0.50078125 0.875 0.1984375 0.24583333333333332
1 0.77578125 0.9166666666666666 0.2171875 0.1625
1 0.6426563857142872 0.8156194472204192 0.21946710055371027 0.2781999147039983
1 0.7048386057954976 0.6313057814555095 0.21946710055371027 0.2781999147039983
1 0.6414026573089705 0.25351943655841896 0.2403803778516064 0.291015057818786
1 0.4360631176725735 0.31799149252066317 0.24969482109634616 0.32238626670908893
1 0.7107603338962726 0.47838683656902453 0.2358931369509051 0.29510899915127087
1 0.4718633104558879 0.12077783741775369 0.24372662091177594 0.2306953582643617
1 0.29254724784053165 0.060746849830240014 0.23509449568106336 0.11606354137490718
1 0.93359375 0.42083333333333334 0.1296875 0.24166666666666667
1 0.93046875 0.5427083333333333 0.1359375 0.26458333333333334
1 0.928125 0.253125 0.140625 0.19791666666666666
1 0.7575597809985237 0.16892772013575133 0.18264941856773742 0.1943575040313925
2 0.19369394740679297 0.40791129158708944 0.3737702760612782 0.5324892498408456
0 0.2763631523717251 0.6173718676002404 0.09144462523071262 0.11591663112666595