2 0.6453023512308222 0.708154944220459 0.36738321245684347 0.4946351997577144
1 0.6565404622331288 0.35979711669141057 0.23984836307689897 0.35914478516439347
1 0.8025139678322063 0.48862593698436985 0.16780649710021497 0.26903325493695435
1 0.7980184898275304 0.29388443238609985 0.2152734929510302 0.282725407808811
1 0.614948648545463 0.10013432006716974 0.19126730788809568 0.20026864013433948
1 0.5005011819394347 0.545005715364253 0.19185930373891083 0.2541135142463889
1 0.45967342716554993 0.660949405248059 0.19185930373891083 0.2541135142463891
1 0.44305276699772483 0.7617136853626033 0.19185930373891083 0.2541135142463889
1 0.45950563857348625 0.8145155661104408 0.19185930373891083 0.2541135142463889
1 0.46239291761778034 0.886940909846329 0.1819622402517378 0.1621192989592032
1 0.20503070351055178 0.8696486001817141 0.14642655933798815 0.1119097919489036
1 0.16449559480655232 0.3506034961561658 0.1435635136969545 0.22583802804119887
1 0.38172787115155415 0.5263294632909076 0.20360228714217127 0.2964352781540936
1 0.3255533392074749 0.20032024121921163 0.17720480788809567 0.24271420171816527
1 0.3888364344382345 0.07690483190152894 0.250452131123531 0.15380966380305788
1 0.805205873025654 0.12633987336302605 0.2203861228251612 0.208380505049849
1 0.8995236354732086 0.15087512664238636 0.15277164772027058 0.14140400723608923
1 0.5029651763403574 0.4058045220881918 0.19185930373891083 0.2541135142463889
1 0.4053807039347591 0.35659681742935045 0.19185930373891077 0.25411351424638895