2 0.796875 0.3333333333333333 0.403125 0.5083333333333333
1 0.5005577225792548 0.13543140205177634 0.21674044515850963 0.25260771536612514
1 0.8581137127464931 0.7002505654687369 0.2249992263722767 0.3110501428552598
1 0.37539848378914253 0.053464652052874775 0.18204696757828503 0.09369254653518455
1 0.22236804713476038 0.48469937608048935 0.18721244182452984 0.22903648376465024
1 0.3129300478836664 0.1799532397158544 0.18721244182452973 0.2290364837646503
1 0.36412575712700174 0.21339039501843532 0.20851335697722054 0.2711395270545225
1 0.6026780740964636 0.21062086363097135 0.21422122303829685 0.28791528787699044
1 0.09645912243917198 0.5306576201292852 0.14419576546195145 0.26548190692523715
1 0.16788771228745109 0.5250387305182395 0.2065682197043169 0.2648531623359221
1 0.3874031157712122 0.4916608538928371 0.1518170757634536 0.21156979328877365
1 0.46010716319583667 0.5068752976151247 0.1658476248550679 0.23686071103757733
1 0.42525328638391463 0.7276229913385106 0.2514341806146422 0.3095850097381342
1 0.38209283093360125 0.8764047732653955 0.20532471303635713 0.21905619372118915
1 0.33746624396026004 0.7463835357116182 0.23542654334173854 0.30297136255212964
1 0.6296875 0.925 0.225 0.14583333333333334
1 0.8609375 0.91875 0.23125 0.15833333333333333
1 0.6791916162302541 0.657599685600219 0.21214854000775868 0.2795455898250566
1 0.25242272470528676 0.3002463744567347 0.23204645182646946 0.29873196644826217