1 0.4157809667561706 0.5589947797847213 0.21985655585660827 0.27641538148311284
1 0.88828125 0.8 0.2203125 0.3333333333333333
1 0.41907198383034083 0.30544650174447113 0.24173155585660827 0.2774339039266222
1 0.33518714325956517 0.809983520137802 0.21130707146044045 0.25730162346757385
1 0.8788807530522178 0.43707026071706373 0.21130707146044045 0.25730162346757385
1 0.6188030681810801 0.44679574299805996 0.21130707146044045 0.25730162346757385
1 0.0736344103337355 0.5441038453707782 0.11500528154634873 0.2673743574082231
1 0.4079696302577248 0.06266541680803002 0.1940642605154496 0.09637569557915254
1 0.17360451209732927 0.7265575657556927 0.1999601356847917 0.24637569557915243
1 0.528125 0.915625 0.203125 0.16458333333333333
2 0.24939132688750743 0.45247027972817605 0.2517550090451115 0.3340476619421613