2 0.5125 0.934375 0.25 0.12708333333333333
1 0.4171875 0.8583333333333333 0.240625 0.2791666666666667
1 0.6332194215690324 0.7911301292058222 0.2017430524755442 0.23816746390673604
1 0.6116699162367734 0.6916503474622357 0.2017430524755442 0.23816746390673604
1 0.719565716222656 0.6826724716704586 0.1659119682887944 0.20136108824862048
1 0.344891210890397 0.5475150733177475 0.2090851156156064 0.2637989261476053
1 0.15265050298377175 0.5113520099642362 0.17047764192396558 0.27026895380883786
1 0.14168218188061463 0.4390978865889466 0.17047764192396558 0.270268953808838
1 0.3696699449642071 0.35750599503336317 0.20310813140062187 0.26941746390673593
1 0.4171049290380172 0.16978596737213061 0.20310813140062187 0.26941746390673593
1 0.4887846950347942 0.4689357076238684 0.21577473137238706 0.31010585616159086
1 0.12289292647776846 0.24050190595180937 0.18895462613895003 0.2659133405314463
1 0.7693892239034023 0.38638231233556664 0.18681527346576168 0.32377307718412757
1 0.3384184869164076 0.13881815713437837 0.18586044724210718 0.19508000719811297
1 0.2750161395754783 0.17112413417245909 0.19347552616718486 0.22696146943898246
1 0.18955678171120544 0.20538666003416337 0.19916408404557523 0.25035173278630124
1 0.6553399473832815 0.08713686862462676 0.2330701052334369 0.06503076957883674
1 0.6376827395472435 0.16800774524933715 0.24338452090551305 0.22992983403260478
0 0.6564419028708323 0.40321992478002505 0.09066977360693614 0.11701593914528843
0 0.6452684554169636 0.281770669731076 0.09066977360693614 0.11701593914528843
0 0.7750785108056923 0.4717045056968709 0.09066977360693614 0.11701593914528843
1 0.5698071818806147 0.4823530500885047 0.21688220506402764 0.2998470550551416