1 0.4910126834128835 0.869052992529768 0.22206770678164425 0.23580981332231515
1 0.36375451653982604 0.7635087121341201 0.22930231803034928 0.308871950353704
1 0.602275399295265 0.44952453774305484 0.19659682588823219 0.2662354812555558
1 0.808322153843379 0.7507549392129621 0.24736311331561964 0.33440534169101876
1 0.6536216137299043 0.10844715558627284 0.17944355913900925 0.21689431117254568
1 0.5568900088913402 0.07816739349134233 0.17940501778268042 0.15633478698268466
1 0.94140625 0.5125 0.1140625 0.29583333333333334
1 0.8087801104201355 0.4504155083619435 0.24976036724456102 0.31366898860083364
1 0.12639575764848587 0.6853655637035647 0.21378432588823215 0.2667688725928706
1 0.08854684718556914 0.6093732581056481 0.14347182588823218 0.26458681712203713
2 0.33790468424145303 0.47128528001652736 0.2698930847795723 0.35383420339305593
0 0.8674339423042238 0.9428805201402305 0.07860018899896418 0.06070934929046293
0 0.9154690279123656 0.8850788362498602 0.06279540653397504 0.09975929128648152
0 0.9513464460282772 0.3896801721163416 0.07878427956950489 0.11066085916888894