1 0.638365146755105 0.7009091547293065 0.15576016237139498 0.2542373768309929
1 0.47877704419758116 0.8398186442092066 0.19488629488495218 0.2709429433708062
1 0.36936516188041557 0.6582184525232203 0.17916130093507646 0.24717738342154735
1 0.43592542710392196 0.5108182114080752 0.1541158491396784 0.23540248750273385
1 0.20764186670087578 0.6659628313313796 0.15255334913967838 0.23531759817447456
1 0.8052617552645571 0.6251593299389067 0.16668857201231538 0.252748268795474
1 0.8149629664297292 0.34123177130775895 0.12292039129415606 0.24620470093755006
1 0.23044408332699678 0.8772743807357509 0.17907039734428026 0.22634405008821404
1 0.30132719242562417 0.2878679156409024 0.1774624455488821 0.21584249409328832
1 0.3081761143631847 0.07422363569106054 0.17567268657189175 0.14844727138212108
1 0.3884221505657341 0.02355779082425683 0.1721477107723885 0.04711558164851366
2 0.606277791958086 0.17310771406908432 0.306305583916172 0.34621542813816863