1 0.3312540765119139 0.6515634558184975 0.1950343258882322 0.2705184967295101
1 0.24424207403071457 0.7093149242086233 0.1950343258882322 0.2705184967295101
1 0.20708894623767432 0.2996162720411765 0.21095042431665564 0.2797007233454353
1 0.44603378391273074 0.10407650656576714 0.2110574321745385 0.20815301313153428
1 0.4267592832935582 0.41764298676931627 0.20223039578060825 0.2979413873758803
1 0.7841502140203547 0.12211912643949688 0.22544957195929066 0.24423825287899376
1 0.9309930190255347 0.38089117840572795 0.1139298751024441 0.270270918326699
2 0.614501185898592 0.29002727632503694 0.46012859470436995 0.5800545526500739
1 0.3672557349079161 0.8263547772888328 0.2203981989237615 0.28229339264832376
1 0.522491198513986 0.7576189564527656 0.2203981989237615 0.28229339264832376
1 0.6356996739068801 0.7535478134873077 0.23482457195929082 0.2934740632693232