2 0.38403578243518827 0.2194709664760994 0.2642910010084062 0.4030159167514846
0 0.7483753319703261 0.880691263866734 0.06352690445914604 0.0819312275847634
0 0.8421746084534296 0.8414154874578642 0.08725933540139544 0.11836641669493939
0 0.1952082292168796 0.20028773163494187 0.06352690445914595 0.0819312275847634
1 0.40859375 0.95 0.1765625 0.09583333333333334
1 0.5817516526175606 0.42299282551570294 0.18698581981405518 0.2664087612783
1 0.632942448042199 0.5074670402756039 0.18698581981405518 0.2664087612783
1 0.6100291079492266 0.6352514264832222 0.18698581981405518 0.2664087612783
1 0.6190159778794972 0.7323083054909918 0.18698581981405518 0.2664087612783
1 0.5837065445914593 0.8169114729450759 0.18698581981405518 0.2664087612783
1 0.57265625 0.8791666666666667 0.1890625 0.2375
1 0.61171875 0.953125 0.1796875 0.08958333333333333
1 0.8151054659753278 0.25097236646563376 0.1854233198140552 0.26633600967519216
1 0.8178748229161483 0.46723889931520746 0.1854233198140552 0.2663360096751923
1 0.7782492302252859 0.6181449754204194 0.18698581981405518 0.2664087612783
1 0.5099595080457717 0.04972231347825809 0.21054401609154336 0.06175929654667177
1 0.21786874112104906 0.691808895095393 0.14959508045771683 0.26674605613704616