1 0.5707266399337154 0.4569373947510701 0.20122522721932726 0.28691960603449673
1 0.49248013276213937 0.2534191736987495 0.2314038005403049 0.3058998951311805
1 0.4902727920179665 0.24822902108357545 0.23140380054030488 0.3058998951311805
1 0.6074454230508252 0.13136375553274948 0.21323415389834963 0.26272751106549896
1 0.1376512119887488 0.7685674983106116 0.19070438947037927 0.24309688316185998
1 0.29437987242570224 0.8683728761424502 0.18794148801910052 0.1972514293497537
1 0.7738516730508251 0.12730339514385355 0.15327382213985138 0.12616356596219105
1 0.4760615029952249 0.04741903252918474 0.16350199400955018 0.09483806505836948
1 0.606874993376578 0.06356451860861997 0.15812501324684405 0.12712903721723995
1 0.5664880293192767 0.6485980011783503 0.194355179126093 0.20354991126484498
1 0.23372265853803692 0.5897334503024012 0.1812748257680484 0.2409408269558896
1 0.32181788086322277 0.7452683420548047 0.18483633538669525 0.2576317345801018
1 0.745027202370102 0.7805192987346496 0.15638395317271012 0.24491356596219116
1 0.6465128683341691 0.27721924630024003 0.1970089531727101 0.24522869841028455
2 0.5316269012816428 0.8165426838477537 0.3936508293962454 0.3571483044447812
0 0.7196229530030742 0.6172079211646668 0.07934524881887377 0.10684390345986827