1 0.31171875 0.8552083333333333 0.2046875 0.28541666666666665
1 0.7328125 0.5354166666666667 0.1671875 0.23541666666666666
1 0.6046875 0.9 0.1828125 0.19583333333333333
1 0.540625 0.603125 0.1921875 0.25416666666666665
1 0.1484375 0.5885416666666666 0.1890625 0.225
1 0.30546875 0.453125 0.190625 0.19375
1 0.3375 0.653125 0.1765625 0.22083333333333333
1 0.8421875 0.33125 0.178125 0.26458333333333334
1 0.11015625 0.821875 0.1765625 0.26458333333333334
1 0.65234375 0.7927083333333333 0.2203125 0.275
1 0.53125 0.08125 0.221875 0.1625
2 0.5828125 0.3177083333333333 0.3609375 0.48125