1 0.5881883384781942 0.5283479505212666 0.2595500494291588 0.3260822925214702
1 0.7129349649796594 0.7949403622326237 0.22208454152049323 0.274129837971509
1 0.7874535094287213 0.544650339165683 0.22371070851668762 0.27629806063310125
1 0.892412923459166 0.5222536428415211 0.1981377055509384 0.2561898313809543
1 0.7348365509120335 0.28248635168773645 0.1982013725471326 0.25827316471428763
1 0.18491746395389516 0.2894082839041746 0.1982013725471326 0.25827316471428763
1 0.12142530832640727 0.3627653023577272 0.1982013725471326 0.25827316471428763
1 0.4251366042583439 0.11927528752897958 0.1982013725471326 0.23855057505795915
1 0.33208155440925563 0.854237469658662 0.22807987353571574 0.26613606195121237
1 0.533146647298893 0.9038307469722822 0.2009496877564409 0.14402938869399123
1 0.8789857989348672 0.26213408882376155 0.22122237847863166 0.2969616153099163
2 0.470869551406325 0.29995764816353937 0.27332338935304656 0.36842807381421033
0 0.5000503044092557 0.8451118668707991 0.08625051779449713 0.116999134397737
0 0.6854691981737455 0.6900061468206411 0.08625051779449713 0.116999134397737