1 0.6511454168675185 0.7808852716394438 0.25131039976756886 0.3283713744567346
1 0.5734375 0.9833333333333333 0.16875 0.029166666666666667
1 0.4059165002521016 0.10724421698768295 0.2212080005042031 0.20074257034439452
1 0.41242858020561535 0.17190027975821717 0.22412518689433422 0.2861228722924608
1 0.4644988146182751 0.3166866742383301 0.2699511391239071 0.3267244177466068
1 0.4292325760182415 0.6113381542171488 0.25487244234221584 0.33677743722726894
1 0.15558726240837256 0.6902819009729346 0.21140666560701077 0.2816652878769906
1 0.284712397673882 0.5486721471838076 0.2296867720436281 0.30289863311492876
1 0.25557192884856256 0.2608448647164036 0.198797404963349 0.2792910367948535
1 0.6348380838119116 0.5443360265096094 0.20239229852673155 0.25856679761732165
1 0.7326253737886684 0.578864123370204 0.20450110174504027 0.26901982900258853
1 0.8065216956964105 0.6190785670924915 0.20450110174504027 0.26901982900258853
1 0.8817680781119284 0.40234680897481667 0.20450110174504027 0.26901982900258864
1 0.6 0.9104166666666667 0.234375 0.175
2 0.8046214340443427 0.22576494371569694 0.3328117720436281 0.3052987045425587
0 0.7051184607795478 0.27754972131403394 0.0819162715394249 0.10386520454475555
0 0.18342876709994957 0.4474773836565465 0.08638525025210156 0.09980763203389031