1 0.5628800551955755 0.1806874921656967 0.21588191882984215 0.26987828197658303
1 0.33583631412402926 0.14541942823731807 0.17972623051823938 0.25125916075995497
1 0.7998482211860439 0.2342156700610934 0.17320349512873606 0.23008627011358485
1 0.11666179992056976 0.3451205896067538 0.22941831330995507 0.3497240632693232
1 0.3106867151002592 0.5735249783007449 0.2081785129856435 0.2777871686686204
1 0.1812169979714051 0.13180705140632507 0.20944100405718977 0.2549553913302129
1 0.8696816599046837 0.4537880238251456 0.1877023717519414 0.26418360740125096
1 0.14272587338008985 0.6832342648411414 0.2081785129856435 0.2777871686686204
1 0.6100985596630977 0.8139093966522313 0.2081785129856435 0.2777871686686204
1 0.35476617735784943 0.7896133248151872 0.2081785129856435 0.2777871686686204
1 0.64453125 0.9364583333333333 0.2203125 0.12291666666666666
1 0.09365099391421533 0.8303480276803289 0.18730198782843066 0.1981960553606579
2 0.5484827698887976 0.5040940448653454 0.40372065827653536 0.5444785560445006
0 0.21820098052153472 0.412139173941064 0.08582049756436802 0.11500069039266284