2 0.3502039156838853 0.7139918714555089 0.2633405062041863 0.35136294908713
1 0.48821237805291695 0.8636247117549994 0.19047145273377614 0.24094454052611144
1 0.5714936796817418 0.43569193034694376 0.2143788462971587 0.22088704913796314
1 0.5713026555444267 0.5136957050430085 0.20739687278026225 0.17699157877324095
1 0.5995644133380968 0.58457665755074 0.20739687278026225 0.176991578773241
1 0.62083312595923 0.640075060666342 0.20739687278026225 0.17699157877324107
1 0.6192270672930397 0.7004432372114344 0.20739687278026225 0.17699157877324107
1 0.5684061565528329 0.12472720770111083 0.18956451659574647 0.24945441540222166
1 0.535654004691577 0.22672996732749937 0.18956451659574647 0.2533960504045372
1 0.7028739917021267 0.10597546580675891 0.18625384629715871 0.21195093161351783
1 0.29656364356338266 0.017463269883935064 0.16312271287323465 0.03492653976787013
1 0.3275083689218645 0.28414808498115707 0.20439184110137862 0.26841579483203726
1 0.1845289112444099 0.3780227940737961 0.1731418411013786 0.26744599240055583
1 0.781043278324689 0.33663139108740653 0.20450110174504027 0.2704991281653706
1 0.7486960460057162 0.7005852237874528 0.17081451659574648 0.2528141689456483
1 0.1681730296620713 0.8683568533443516 0.1945362398605414 0.19947183434574095
1 0.15219774044161904 0.6078198323209257 0.16270708565349698 0.21720354179268545