1 0.22491234707395846 0.2118886477972683 0.18699477298576409 0.2452566775575002
1 0.40926916327836815 0.20512514678486066 0.1388105397032641 0.1688019739102779
1 0.07667552203583351 0.27276945440759254 0.13081750816812515 0.24767769984750007
1 0.4077125421718059 0.6085168424535181 0.1627208183886113 0.1966126590672223
1 0.630064240119445 0.8976100488880548 0.18721167211208342 0.16822183434574095
1 0.2416524374984032 0.6782886187952776 0.18245274335048628 0.2534445405261112
1 0.8230511739150354 0.8926631855403232 0.23561280452090294 0.1676416947812039
1 0.9020560753224653 0.17940984676157307 0.17914590539458358 0.24293089361629652
1 0.93359375 0.4625 0.1296875 0.2875
1 0.4623376522604515 0.07424404837972201 0.1559253045209029 0.14848809675944402
1 0.90625 0.7041666666666667 0.184375 0.25416666666666665
1 0.29163686654434084 0.8549589151480552 0.21657317021222236 0.23992798986740763
1 0.6941526563445141 0.1806506995975918 0.21660953780340292 0.24201132320074095
0 0.1802875652544792 0.03219294452916659 0.0793251305089584 0.06438588905833317
2 0.6616707307170488 0.42449855078791593 0.28398148860083355 0.4335827515186113
0 0.12104703713781284 0.5309079563074536 0.08430357123840282 0.08798664311009266