1 0.6666492280389983 0.7667298567609364 0.2357021924256241 0.30598473848259006
1 0.37571515583029136 0.6981509324793482 0.21057492739850953 0.27662414415555836
1 0.17316232757146016 0.6518038678137622 0.25146354781181846 0.3373559432703184
1 0.30979419827935667 0.4517789323484204 0.25146354781181846 0.3373559432703184
1 0.8389317315550399 0.32162842337776654 0.2104385720123151 0.24537414415555833
1 0.3626050600102627 0.20031910916409135 0.1901351623713948 0.24729991126484496
1 0.4022266170936592 0.32814109719477075 0.190135162371395 0.24729991126484496
1 0.07093623135864806 0.5005083656006625 0.13858175273047452 0.24898326879867508
2 0.8381590510332723 0.1482297155913716 0.22631810206654457 0.2964594311827432
0 0.9671875 0.41354166666666664 0.0625 0.11458333333333333
0 0.5032361678323439 0.7377881134593631 0.07544542759490121 0.10266511631442891
0 0.5617435594210874 0.7175419288387156 0.07544542759490121 0.10266511631442891
0 0.490309441836449 0.819141137528932 0.08642837939029935 0.11316662633250539