1 0.3055031706610143 0.889083940600193 0.13955337939029935 0.11897489267659485
1 0.3782720083878153 0.5533365727859055 0.18405787919390768 0.29392860423028017
1 0.629911776439992 0.5593318980188818 0.2655896803253757 0.36229502092521954
1 0.35902151775758917 0.2604232162216454 0.1995192527304745 0.25715612026135826
1 0.5289361254814745 0.8776387946891099 0.19458631303532492 0.20068786545203493
1 0.5349067860061576 0.11190803037423033 0.2135635720123153 0.22381606074846067
1 0.9044521924256241 0.2621162400703538 0.15410675878059904 0.23212965710456512
1 0.3863031978865732 0.782175857238587 0.25148172852997774 0.3512235898305827
0 0.14535549013924678 0.7194212707838562 0.2591578731437834 0.32033734784612167
0 0.5326418667008758 0.6524205398797865 0.09431360226293642 0.1335317628531352
0 0.5627646621750031 0.39263217448429705 0.08963519262201594 0.13539684137714497
0 0.707783288147457 0.8557670694665993 0.06604315651766246 0.0988889006638613
1 0.38046018052176744 0.15940469377813607 0.1995192527304745 0.25715612026135826
1 0.5465185352205907 0.7882604845867036 0.21683401775758923 0.2871230545622107