2 0.7213322995623596 0.6243171370146002 0.423312757539572 0.5041468036282392
1 0.5914873629141832 0.3506118827710255 0.1702354472421071 0.17960447825163506
1 0.7636584945265665 0.3064398410247816 0.2049590577372161 0.2238635555909075
1 0.6654800578078032 0.13211715123060058 0.15357856826055957 0.22723024358157456
1 0.6890092920933748 0.027345169902357906 0.1592685841867496 0.03578175291745323
1 0.7916785367611158 0.12574740192017528 0.1427320735222315 0.22914388446848377
1 0.22347383930724707 0.23664233603860427 0.18444913666229376 0.2547741706980592
1 0.20656487329635262 0.5465862880330893 0.13711911035393448 0.24363025068957475
1 0.26953125 0.9583333333333334 0.1453125 0.07916666666666666
1 0.44765625 0.9802083333333333 0.1765625 0.035416666666666666
1 0.7650577256871922 0.8925224267981757 0.18989549985882573 0.20072871292169553
1 0.5043121285580245 0.5532876800869657 0.19318709983059074 0.24033628803308935
1 0.403125 0.8770833333333333 0.171875 0.24166666666666667
0 0.28946837855802443 0.5499544356036342 0.07017526308359248 0.10518482134521155
1 0.4754304524331919 0.28531268719496583 0.1844491366622938 0.2547741706980592