1 0.5366753535900038 0.7336199922362774 0.18192726458147632 0.26367214163789565
1 0.6276496945770884 0.7441765236302281 0.18192726458147632 0.26367214163789565
1 0.42196433274032136 0.917745113678377 0.16248327962517112 0.08709348603572191
1 0.16961954889200803 0.5503586622346769 0.1631318004748537 0.2596944215819539
1 0.32088314984171545 0.06996261244445838 0.20198370031656906 0.13992522488891676
1 0.14624057020390901 0.8000907828438434 0.16464883636823102 0.25776895380883785
1 0.3760955547645028 0.8049306127117819 0.19764319279472176 0.26941746390673604
1 0.45560016448969887 0.41233106305522516 0.18192726458147632 0.26367214163789565
1 0.7512727141731297 0.5445998082735997 0.1865238363682309 0.2599790716518811
1 0.3223126398790926 0.5546795040000418 0.18652383636823097 0.25997907165188106
2 0.7461977354185236 0.1876977212898603 0.2615358597251959 0.3753954425797206
0 0.34182012397746797 0.16086611174518692 0.06592652837152997 0.09188915463557865