2 0.6029367422486666 0.1772331252415534 0.36600151550266685 0.3544662504831068
1 0.5845830424463105 0.41222635855549006 0.24582625241907435 0.3232557571833944
1 0.6775000425874851 0.599089059560497 0.24582625241907435 0.3232557571833944
1 0.4008689241292812 0.577361616544183 0.24582625241907435 0.3232557571833944
1 0.31625724765151275 0.3605669743267023 0.2326892155873715 0.3073119357686259
1 0.22167497681658688 0.6746184801893633 0.24875383134415213 0.3546758181935738
1 0.6224499795885972 0.8269374955223657 0.20442843671876343 0.1943443539492686
1 0.08623508966018294 0.25082952019712207 0.15706758930724712 0.24931906829019504
1 0.44607136319653196 0.034184497970589464 0.16723227360693613 0.06836899594117893
1 0.8711065584430877 0.6702846751061386 0.1500139525037792 0.19464221859299044
1 0.3277007947947979 0.06203284797382224 0.19194384727034208 0.12406569594764448
0 0.2927426948936199 0.18688486119695652 0.09544827886860804 0.12028020525707071
1 0.7926538767036474 0.4548931221812737 0.23901481029746457 0.3453221187991641
1 0.38220847134315356 0.36375604806074524 0.1809601156156063 0.2622866501095525
1 0.40763267654835567 0.280125193918234 0.1809601156156063 0.2622866501095525