2 0.674695977254921 0.23458296278351262 0.25521415467194847 0.3879567521352106
0 0.29344166914936914 0.34764823600966926 0.07878427956950454 0.11299090818810822
0 0.4066437981807544 0.09739703777487933 0.07878427956950454 0.11299090818810822
1 0.40521823118386247 0.2721059393464559 0.20967902274507896 0.2895035329460664
1 0.4466158649727586 0.44831310532415103 0.2096790227450791 0.2895035329460663
1 0.543649222706807 0.549346155779714 0.20967902274507894 0.2895035329460664
1 0.7384971881749036 0.7513637402861026 0.20967902274507894 0.2895035329460664
1 0.6324226625343405 0.8868375395686102 0.1917209272121397 0.1324772704702705
1 0.578263855462246 0.8527822043049542 0.20273550992479733 0.2246291011843096
1 0.3697749592673529 0.9520003520841811 0.15614299214211708 0.051272914804639906
1 0.35907720781961083 0.8788667976313808 0.175372489246633 0.2000628767565767
1 0.32735871257261256 0.05208469217063797 0.15996150496239867 0.10416938434127594
1 0.15561633747016868 0.320867489386231 0.14201633374611503 0.22709482161480493
1 0.20260253763678443 0.6495204256976048 0.1995035020669146 0.2660046694225528
1 0.19517952771198696 0.8620204256976047 0.15727746071058574 0.2176484830428829
1 0.339064422459138 0.693016355392447 0.20967902274507902 0.2895035329460664
1 0.7648906759737947 0.4867547127152167 0.2096790227450791 0.2895035329460664