2 0.4140625 0.7864583333333334 0.375 0.42291666666666666
1 0.6394917796916781 0.5834624184959558 0.2173024749271754 0.30148813308622074
1 0.6240964487337235 0.6797190298695395 0.2173024749271754 0.30148813308622074
1 0.45046769827150507 0.2503737589725927 0.20720004922121243 0.26771829013424053
1 0.5123803280549608 0.10101861075580208 0.19711434389007837 0.1631878654520348
1 0.2208577884671668 0.6661574496010584 0.21671144154108052 0.2744047997528874
1 0.7376013560972863 0.8539254001026251 0.20187605172849493 0.23833336865825033
1 0.707583864806268 0.33012248262026817 0.2431662929530063 0.342235492069279
1 0.6143770855768083 0.1933565923624713 0.21675690564770314 0.2764881330862207
1 0.4703339173926927 0.3076059056145481 0.1870406619159093 0.20226193756361352
1 0.711993883148668 0.1280391492869348 0.17288723370266404 0.19744050646897654
1 0.6866816460807917 0.06951070536743541 0.16413670783841655 0.08256616672321201
0 0.7531247191876946 0.7159657462608209 0.07240384890464338 0.0991071554731846
1 0.2828997650436948 0.1883499191702827 0.20871708511458972 0.26570770840401503
1 0.8602468974009401 0.716782564407039 0.18541597743445798 0.2708664343573979
1 0.2921875 0.9177083333333333 0.203125 0.16041666666666668