1 0.6316519066160711 0.06354166666666666 0.1616325197716634 0.125
1 0.7326732371484187 0.08125 0.16883752471457925 0.15625
1 0.7127096111412451 0.35104166666666664 0.17093853558899424 0.225
1 0.5893211906850095 0.375 0.17093853558899424 0.225
1 0.5822355439547702 0.24895833333333334 0.14616402866891215 0.18125
1 0.4668307894689649 0.8041666666666667 0.15349636760421675 0.21666666666666667
1 0.4321918512182322 0.940625 0.1504403517868859 0.11666666666666667
1 0.3407682855518132 0.3020833333333333 0.16437020060802238 0.21458333333333332
1 0.22905348863129352 0.071875 0.170018022737413 0.14375
1 0.2859880132715108 0.9697916666666667 0.1859666749048598 0.052083333333333336
1 0.7631381036896902 0.925 0.14351918973360736 0.14583333333333334
1 0.6708418102292115 0.6729166666666667 0.1911237015966055 0.22083333333333333
2 0.2725953112177947 0.6666666666666666 0.36345759391540156 0.59375