1 0.666709495631597 0.40631590906509335 0.16341180262104177 0.23619599240055572
1 0.7592788553389929 0.38730182623796383 0.16341180262104196 0.23619599240055572
1 0.7223178371028814 0.803047180594723 0.17907317021222244 0.23876422694962993
1 0.4546875 0.9010416666666666 0.184375 0.19375
1 0.534475611038576 0.5929404740352321 0.1639936840799308 0.269529325733889
1 0.13601731440145787 0.7608808066103242 0.1874311840799307 0.2702566775575003
1 0.04367530518649297 0.4045554585864352 0.08735061037298594 0.2549442505062038
2 0.3327851712590621 0.6387928267462967 0.402041810789167 0.487219510636667
1 0.6637143950422568 0.21966361524546368 0.19157317021222245 0.23915214792222242
1 0.5042302922687151 0.22096762284490798 0.19157317021222225 0.23915214792222242
1 0.395564460296736 0.17694831433472266 0.2057084053945834 0.24375522568305583