1 0.8112349728332642 0.4022143940008928 0.1977868026210417 0.24629620326307902
1 0.7387800510055211 0.5090197272401099 0.19778680262104179 0.2462962032630789
1 0.6317429221120834 0.11840430560049026 0.19778680262104179 0.2368086112009805
1 0.8724413105048265 0.14399309934726923 0.2093061840799308 0.280478919038683
1 0.7903373253224654 0.146196800997632 0.18234364057694458 0.2554994664407877
1 0.3669219283803475 0.4492357232617475 0.19778680262104179 0.24629620326307902
1 0.568598756836945 0.798651512983106 0.19778680262104195 0.2462962032630789
1 0.9203125 0.6 0.15625 0.25
1 0.4195156790459376 0.14578779701926964 0.19778680262104179 0.24629620326307902
1 0.10371014751079877 0.24958655451178344 0.1977868026210418 0.24629620326307902
1 0.1609674415824658 0.7958856738704616 0.19778680262104179 0.2462962032630789
1 0.3086587527528824 0.6967976705509128 0.19778680262104179 0.24629620326307916
1 0.21445742391503533 0.9022981090235669 0.15280030452090293 0.17206534016066327
1 0.19232131867295169 0.440890172163629 0.2518573599917363 0.30458844179220296
1 0.7513937262517367 0.8282653623367454 0.16715374525034737 0.189824069967392
2 0.36647386559441025 0.8717174250062264 0.20501742116215294 0.2135695716742248
0 0.5659185535709723 0.1521508077308458 0.060611498100139015 0.0754442665913737