1 0.5576494990500696 0.0527033950078247 0.17779899810013902 0.07631271707120389
1 0.8083113010055213 0.5904034521243527 0.20131184612402783 0.2602764219850002
1 0.8078372158994099 0.4737852755792602 0.1774379350298613 0.23454907016138904
1 0.6142346458952781 0.6104080986550469 0.17896406743868062 0.23251422694962975
1 0.21590363582729194 0.4252234312301391 0.23532317021222235 0.2405098713262966
1 0.51953125 0.89375 0.2015625 0.20833333333333334
1 0.5265625 0.9291666666666667 0.19375 0.1375
1 0.7142937697547228 0.9300084176769452 0.17569229065319458 0.13454907016138903
1 0.4983550727570142 0.592236496325232 0.16163109707395834 0.2236475022789816
2 0.3154886745806254 0.6282055737069447 0.24473584422416694 0.33241898860083363
0 0.7495032647207297 0.8446896022006027 0.06413654160312507 0.09568960486296305