1 0.5501113159634347 0.09477729590254896 0.17834763192686937 0.11078601274763195
1 0.21582847704552396 0.4702137764734841 0.23206344499482007 0.3106245280669381
1 0.23377364826180766 0.35958286140027146 0.20440932588823219 0.27710492494155353
1 0.4004624962759464 0.5825754801525792 0.20589905128112634 0.2751550976744193
1 0.8153597502048878 0.5972547604282051 0.2537201211735024 0.30624361299372543
1 0.446875 0.8822916666666667 0.225 0.23125
1 0.43359375 0.9145833333333333 0.2046875 0.16666666666666666
1 0.2552356951997078 0.840191712932202 0.17962334160399784 0.19190250668143277
1 0.5155074534718754 0.6204464229851131 0.18983740363849116 0.2613200370124284
2 0.6872604830413801 0.7431316584348492 0.2862458308506309 0.390030228251508
0 0.2322840386657325 0.7406062204380467 0.0770762303552929 0.1104414517780242