1 0.5165455307179012 0.7280803357815571 0.24626338382282337 0.3166656351630356
1 0.2850163852727159 0.19251576829666064 0.2046194128671175 0.2396675042520638
1 0.25208364087179325 0.05021145880045723 0.19166728174358652 0.06641071556503837
1 0.7670620585127956 0.4364974961990772 0.17133331618646536 0.22776288970496358
1 0.614966762247062 0.4106265782116773 0.21349750539858475 0.25926780930296073
1 0.44412238859670816 0.4510397755766764 0.21349750539858475 0.25926780930296073
1 0.5747874350629344 0.09982736023074293 0.19332487012586874 0.095577382231705
1 0.705719048965026 0.20414227155018302 0.20568500539858475 0.2584175042520638
1 0.5125 0.953125 0.21875 0.08958333333333333
1 0.6921875 0.8854166666666666 0.215625 0.225
2 0.29485978486708614 0.6936000361745082 0.32808391411651733 0.49948844163128714