2 0.3423137005082276 0.7473177251135397 0.27842592079257356 0.38905771751356183
1 0.47109375 0.896875 0.2015625 0.20208333333333334
1 0.5781433266471776 0.520379102029926 0.22269258930724725 0.2531459300506614
1 0.5731226267036474 0.5994000878383771 0.21305998407381016 0.21075085909291644
1 0.5971901872834608 0.6769495028571508 0.21305998407381016 0.21075085909291644
1 0.614954539956649 0.7371766873472877 0.21305998407380997 0.21075085909291622
1 0.6099261347373295 0.7984164993932975 0.21305998407381016 0.21075085909291644
1 0.5918396185287909 0.20683743536325935 0.200529162970653 0.2801273838440933
1 0.5539231185993782 0.3026636302449563 0.200529162970653 0.28012738384409325
1 0.727041371159627 0.21839716293224612 0.19603908404557516 0.24858602212766195
1 0.33139421316829704 0.045540515704158256 0.16533657366340596 0.04446315677930957
1 0.34414630019764403 0.3102985690065008 0.21688220506402772 0.29825085909291643
1 0.19799236603912934 0.36988543714643574 0.18545019454068407 0.2911705752619368
1 0.7904759976515127 0.4721920036974893 0.21541071032569975 0.300188511568034
1 0.7380133373822828 0.8291851701960883 0.1816881577089811 0.27629588021217205
1 0.1539043769154089 0.858398064702309 0.20294153142885674 0.2284810930854069
1 0.15291654251689782 0.593690951169917 0.17232856826055967 0.2401508092544272