1 0.7263782950645774 0.12143350468291748 0.17014266693047428 0.14060510967509277
1 0.40384538017916716 0.36750057915236156 0.15914298244902275 0.2089671887025001
1 0.37890625 0.9166666666666666 0.1703125 0.1625
1 0.3326199348771629 0.14460641565213 0.18197272868809905 0.2533960504045372
1 0.55234375 0.9104166666666667 0.2046875 0.175
1 0.7734375 0.940625 0.146875 0.11458333333333333
1 0.8361734615328332 0.6807141372812971 0.10504651583511766 0.23435336778074098
1 0.8769108071387712 0.40091884092851954 0.09388169530200408 0.22359727026305573
2 0.6472520508705651 0.466658969602223 0.2832744674053281 0.387700928063704
1 0.7126771594086267 0.24488269173972302 0.18588733887551356 0.2181248541025928
1 0.5919183785298145 0.18492319743930621 0.18588733887551356 0.2181248541025928
1 0.4416194794795219 0.6674287149171765 0.20183058762187223 0.23319308865166685
1 0.3693232791629527 0.5027951495679172 0.17830215940862698 0.22829907016138903