1 0.2680388265060033 0.2840355395625979 0.2173526419239656 0.26697499751729764
1 0.2781859131824145 0.0517438728959313 0.21237817363517103 0.08175239646957985
1 0.3431866847937992 0.8412387896308939 0.21900614718563743 0.26915536366010545
1 0.8609173002682311 0.43052558918658523 0.24526481029746483 0.3351941891355558
1 0.55703125 0.8416666666666667 0.2484375 0.3125
1 0.7967854527861278 0.26673559635549654 0.21349959983059072 0.2501142652316819
1 0.14473158717052134 0.47065362806622396 0.19411256299888785 0.23436653818465486
1 0.1336135346949772 0.6893065952567494 0.24306527346576182 0.320513822992748
1 0.69609375 0.853125 0.2140625 0.28958333333333336
1 0.22535996089039698 0.5257963669683713 0.1962210945689189 0.24696357099412936
1 0.14353092114550942 0.13947496663814585 0.20356315770898115 0.27235170223202726
2 0.48395225284259746 0.32668976674621686 0.5008454943148051 0.6211646407469076