1 0.4940756219764556 0.1965844376617384 0.23688402402927142 0.3038774310259504
1 0.7479187846515007 0.12427193050001024 0.23688402402927125 0.2485438610000205
1 0.7671585859723196 0.2181024347981296 0.23688402402927142 0.3038774310259504
1 0.7564739826145933 0.4582862739357478 0.22721812269254435 0.26988900045157904
1 0.3747058146085481 0.5443018950712938 0.1992749360279987 0.2887570420617983
1 0.2491325552594125 0.7081902668483807 0.1992749360279987 0.2887570420617983
1 0.08244832598663698 0.39520038293407767 0.16489665197327397 0.2887659007985113
1 0.5398200952419133 0.8596480695026959 0.20018290802036276 0.21386622493530466
1 0.347572244629229 0.34319677823116096 0.20061926002545336 0.26386622493530465
1 0.5660842452657758 0.6235807349633478 0.2133374360279987 0.2897396879233554
1 0.943292182606639 0.5233093291149875 0.10247266136218051 0.29032103723773883
1 0.19805021857100438 0.925171194030497 0.2197681546785449 0.13195226895755355
2 0.7740598299252307 0.6798381546835852 0.395987398710998 0.462821567916757