1 0.09542106342810829 0.46010910974220315 0.19084212685621657 0.32144844718226034
1 0.21748189490839334 0.2804397755649069 0.2670612767345796 0.34153443919499404
1 0.9388427687395478 0.5436671591275458 0.11515334308955402 0.2553108670268699
1 0.7821801991631194 0.28747340437476776 0.19954652380771343 0.26340612026135823
1 0.41878025361423726 0.5106017762957792 0.20737720452587266 0.26793654494356395
1 0.3213512625912277 0.4630654181566838 0.20744992739850954 0.2846032116102306
1 0.699984280937992 0.6870534452681533 0.21061128883482816 0.29308204814977945
1 0.7452347110669761 0.16213610951602178 0.21540787314378348 0.318300302959103
1 0.8098774314055304 0.5632108330506066 0.1965396984757483 0.290343950388476
2 0.4996767713718264 0.24624997350631217 0.41314645725634713 0.49249994701262434
0 0.08549050976255737 0.6354728677577423 0.09116133118569744 0.12713625964691957
0 0.9586371182720097 0.6614713882871442 0.07389201795398108 0.10758599201273356