1 0.1770266398845192 0.8750598502904502 0.13545202174882984 0.14565075599585622
1 0.7132798162722537 0.9033329627835125 0.17505834980971963 0.11484027570885899
1 0.57667647140545 0.8387611177316511 0.216378369581383 0.24216906313624662
1 0.49333077771750994 0.6727794248720415 0.21198002965749527 0.200308330850631
1 0.6983856922422464 0.6464779437594811 0.1840752055509382 0.25679804080394913
1 0.686359241634224 0.43223422525930844 0.18515754448624283 0.2922147074706159
1 0.8170800010257642 0.48360401847766415 0.175782544486243 0.2916325106137689
1 0.4966109921285156 0.44714871161045733 0.22836371642535308 0.3281679266597601
1 0.7339359426993569 0.11931752771349004 0.17093853558899424 0.23518844499482003
1 0.44130809091247103 0.03670937717236463 0.16074118182494207 0.07341875434472926
1 0.2203349936113904 0.4736985188874397 0.17926037155854943 0.252340275708859
1 0.2806172831175363 0.19234574193722936 0.19345020555093823 0.25738023766079604
1 0.7077461744105682 0.01986141480764598 0.1440338428896375 0.03972282961529196
2 0.37614723079699014 0.9107018665585956 0.3118235207602467 0.15036546346647175