1 0.3416168945548015 0.22697180033222478 0.2195521787556686 0.28650630680447964
1 0.6321439130412402 0.12409902478159128 0.170841662970653 0.24819804956318256
1 0.5041811388696067 0.8069566862064707 0.1638636208772782 0.2589169278208447
1 0.5186938759977757 0.4031781451827225 0.15357856826055957 0.2372825580903168
1 0.19856411554501918 0.32702137055493974 0.12423967875566855 0.27836243676633476
1 0.32636695200966886 0.8472431307862671 0.17040204721387225 0.2304177914851735
1 0.25040181840173403 0.020007511824781308 0.16955363680346808 0.040015023649562616
1 0.3871429552052021 0.06903419494278283 0.2024109104104042 0.13806838988556566
1 0.829118352602601 0.004490625132273803 0.11237817363517096 0.008981250264547606
1 0.23553828370675686 0.6887607053279186 0.16765647881213824 0.203200952085641
0 0.8285433730140038 0.8722962759689895 0.0733912683452644 0.11212426691276013
2 0.7285161970303455 0.41348008534514336 0.3607973469879934 0.5621706436323378