1 0.24588782954860006 0.5888268605399574 0.2638205868489054 0.36376635579713057
1 0.3288481542226408 0.33139713677095944 0.1989398806803952 0.2952934406102892
1 0.32396046226088543 0.823959789246077 0.26467397483619665 0.3097453699886797
1 0.5163349228936225 0.732155550781327 0.22092397483619663 0.30566630595864175
1 0.3672596379872911 0.04156527243101323 0.19673072402541775 0.08313054486202646
1 0.642250766238645 0.888959720407644 0.15437958279171565 0.11011005743846666
1 0.7542458003276068 0.49981391495320554 0.24827740746575647 0.36855954721497425
1 0.6577099452147569 0.6617526068752522 0.20022964529089188 0.2746057881351715
1 0.6156425909093904 0.0335675874366734 0.17183981818121907 0.0671351748733468
1 0.10694233198423202 0.712063442729601 0.19650462743398434 0.2284810930854069
2 0.5354742552783011 0.40264658262827846 0.397688846588138 0.5760035478872451
1 0.623998787338668 0.1425310147470018 0.19893988068039511 0.2850620294940036
1 0.746271433443634 0.33409417386494056 0.24819558684890558 0.36230954721497427