1 0.7971447282353901 0.5866313891895217 0.20103630093507635 0.2406029475917559
1 0.7855749273985095 0.2628306274135823 0.20900333703942983 0.27614082314872557
1 0.6686050751355732 0.1354699732124298 0.17766243344863372 0.2548226542541804
1 0.5984799692583996 0.5376267616698838 0.20755901170746505 0.30319991470399826
1 0.5151776316297945 0.7847691510184891 0.19326925273047452 0.25089840536811964
1 0.6949423996819714 0.7996896798748542 0.23244992739850953 0.27858778315296795
1 0.4750526013791735 0.8999827705813978 0.20860336123992665 0.184474156482059
1 0.5327266624695908 0.15112067457036807 0.18533857806243947 0.22369386314448333
1 0.6106158340143678 0.2749207065563687 0.18533857806243947 0.22369386314448336
2 0.2918572645361353 0.4569614835030933 0.31736125858420705 0.4028135058349065
0 0.9591321647090858 0.8247594860492807 0.07854315651766228 0.09704542223636305
0 0.20744642398066399 0.629115993740729 0.08017837939029934 0.1137363306810902