1 0.3375 0.10657580442394034 0.221875 0.21315160884788067
1 0.38046875 0.22951379370891226 0.2328125 0.3140286915976951
1 0.55078125 0.263329773233641 0.2421875 0.3204241422660586
1 0.61015625 0.13368191995545659 0.2359375 0.26736383991091317
1 0.75625 0.3049336460853397 0.246875 0.3267468676002404
1 0.7609375 0.6965275874178245 0.246875 0.3267468676002404
1 0.63203125 0.48915253410782344 0.2640625 0.3499301938255736
1 0.16796875 0.2671856755251529 0.2296875 0.3035635413749072
1 0.11484375 0.4742598959792131 0.228125 0.29728929959684675
1 0.09453125 0.6631167057606675 0.1890625 0.2612665884786651
1 0.61796875 0.8122873767770354 0.1953125 0.2613635555909075
1 0.696875 0.8735631669849755 0.196875 0.23013779736896822
1 0.596875 0.9459479741141867 0.19375 0.08842264714618012
1 0.92734375 0.49186250472103804 0.1421875 0.31887266847018064
1 0.81875 0.4654223082962492 0.2640625 0.35201352715890694
2 0.33046875 0.6948728639401845 0.490625 0.6034452516443594