1 0.32543776281440023 0.45898761484949574 0.17431820357377176 0.23981954587816906
1 0.3466840686321685 0.6339764679329432 0.14335736364988402 0.19700112184372784
1 0.65546875 0.959375 0.2046875 0.07708333333333334
1 0.6219413255894318 0.0731452380565997 0.16686384783255334 0.09803164159384202
1 0.5084718028148377 0.7403717522645337 0.1791330375661607 0.2441680689713266
1 0.5127202455141947 0.5757581095267852 0.16586903361182798 0.2186831185006847
1 0.5149777652858581 0.45069749071795495 0.15818386760421674 0.22254669112320022
1 0.1945684703053237 0.7229790383563217 0.1581838676042167 0.22254669112319997
1 0.3325658774156864 0.788821088413295 0.15818386760421674 0.22254669112319997
1 0.6160003903044486 0.19076264317668767 0.17661553262324467 0.21285745016249635
1 0.4326268161978916 0.1252459809969707 0.18787136760421674 0.22369844849097467
1 0.28119430878351787 0.16630157534926754 0.1875822075281045 0.26530449634881115
2 0.7252613492782469 0.45468405383895577 0.311101915056209 0.5281236215355823