1 0.30915080140632506 0.3064182169856378 0.16701503954332697 0.2598973465663967
1 0.35816791604479226 0.5016664813917563 0.15400570357377177 0.24245441742393414
1 0.18463893825073263 0.1252510438390313 0.1581838676042167 0.2260788491856909
1 0.7480939431936484 0.12156923242821974 0.15818386760421674 0.22607884918569088
1 0.840185942699357 0.11287936063103553 0.15818386760421674 0.22575872126207105
1 0.7723803132693231 0.35279353819066717 0.15818386760421674 0.22607884918569093
1 0.9100859017103362 0.37659483402831717 0.15818386760421674 0.2260788491856909
1 0.7556596813678315 0.5740406969994509 0.177315869581383 0.23974324289938476
1 0.6998818666528146 0.6954362770928145 0.177315869581383 0.23974324289938476
1 0.16043075300293058 0.5369063148616815 0.15193386760421673 0.225690717947793
1 0.20229855391496407 0.8567921422674547 0.18343853558899426 0.23596470747061601
1 0.9070550380976332 0.7128362795755169 0.1684846976422726 0.20592474551867876
2 0.502058543003368 0.24121263220606542 0.3200365632693231 0.4191154634664719
0 0.596137442736538 0.6559585927800593 0.05210101087441501 0.07185504990318327
0 0.09562681228073999 0.3885587446931155 0.058669345855386856 0.08265984780774786