1 0.7407212545225559 0.15576170831010622 0.20193207146044045 0.24940748555572398
1 0.7344313902073475 0.39338291309783446 0.14034611827193721 0.19269690736235673
1 0.4325889292169281 0.3488350450222166 0.16353131275401314 0.2261999273985095
1 0.18974076718571192 0.6122568959167474 0.1710096200809595 0.25749840931360074
1 0.3901513664629149 0.12597430952561997 0.20842773292582972 0.25194861905123994
1 0.17580882123329786 0.8145099159529002 0.18203565128862395 0.2200953731437835
1 0.7301012528250751 0.9592139612369726 0.18074538896415202 0.06804840124676872
1 0.8432575135676673 0.47798144744733556 0.15218437697836434 0.2156984173804331
1 0.3434300904551747 0.9236599925878067 0.17588747060135787 0.10341658599834412
1 0.2544119402982045 0.16995390411450745 0.20069047602842477 0.29729991126484495
1 0.7368757960185273 0.7736882102613504 0.2023348631835546 0.29939536507695125
0 0.8934810843507393 0.12540117448431642 0.08140048620519025 0.08393935727197453
2 0.5560075763216805 0.7052782781747856 0.3514960594746529 0.3984392362694905
0 0.5047660651288624 0.020044807705303633 0.0657821302577247 0.040089615410607266