2 0.650121507171576 0.2397777398713963 0.36850698565684786 0.4277729895046875
1 0.637730601459128 0.5635238498840817 0.2121081635169965 0.2944538353352871
1 0.60625 0.859375 0.246875 0.27708333333333335
1 0.3095287011889756 0.6979926476036333 0.2688492368379741 0.31625985115261795
1 0.4070734008183067 0.13999178200137036 0.1827281983633867 0.245009160759955
1 0.768737553998866 0.4903188861321314 0.18192959019601868 0.2740909380983625
1 0.7662052871238251 0.7363644427861128 0.16932046279135698 0.26924515680562233
1 0.22569435981183053 0.851996625195748 0.21726688947037925 0.2531267259816571
1 0.4546875 0.9354166666666667 0.196875 0.125
1 0.2508829098039813 0.27859007249609946 0.20736609981466553 0.2921158340171761
1 0.3146403641578178 0.14435831163407822 0.2082192716843644 0.265117390012102
1 0.7234375 0.9395833333333333 0.153125 0.11666666666666667
1 0.7700296915703287 0.7397016661067607 0.15465776206571746 0.24556448618462287