1 0.40101240827367846 0.5082025473776303 0.2060665314288567 0.22111272202732454
1 0.39201902694364377 0.8568213233979269 0.193096094568919 0.24534871807299177
1 0.6729651900554711 0.7771276896344579 0.2328712261107153 0.2994693952845457
1 0.8720661738469324 0.180204974197688 0.21548630503579308 0.3297007233454353
1 0.7423794028708323 0.2942877871250898 0.213575194540684 0.2859507233454353
1 0.5812683266471776 0.4319009419535457 0.20256209983059073 0.24794138737588015
1 0.2818290397448876 0.36399447163582827 0.20630872611071513 0.29802627670413945
1 0.16345920036705328 0.5044815032704899 0.2152888839608706 0.36086583401717626
1 0.06865274751033842 0.5645479782511702 0.13730549502067685 0.3500707101643263
1 0.13792306114451078 0.857116617237508 0.22552916297065298 0.27412983797150875
1 0.3673137005082276 0.6908532212939069 0.21836911035393447 0.25295694732513874
1 0.20835228434204134 0.17261782803610234 0.21984060509226264 0.2509585033200646
0 0.7630496766895299 0.4812590012189614 0.08460178413027979 0.11682935574121865
2 0.5455491764777685 0.21778795188895217 0.446401647044463 0.43557590377790434