2 0.7487985953769126 0.6591415443839995 0.24277170129724618 0.29260801108436024
2 0.13611300365344797 0.16538252476467902 0.25589899269310407 0.33076504952935804
0 0.661047405036715 0.8010172455363294 0.060520488635914305 0.0898035147355491
0 0.9096692804388091 0.06153423445196921 0.06205571509696384 0.08778080021104608
1 0.8895050105533068 0.2299396840868503 0.21399213636243813 0.2415168725254159
1 0.7550169622575902 0.18414154438399954 0.2170898628234877 0.2395547768097431
1 0.7641486801972232 0.44094826058002423 0.2170898628234877 0.23955477680974321
1 0.8464020726487412 0.48044379704535484 0.2170898628234877 0.2395547768097431
1 0.3400953457806545 0.2658305287240135 0.21708986282348777 0.2395547768097431
1 0.3518708226487412 0.49962965004012627 0.2170898628234877 0.2395547768097431
1 0.40447980519887083 0.7755723729222375 0.21708986282348772 0.23955477680974296
1 0.2504156424548133 0.6743122777341799 0.16558190990138844 0.24172102278501176
1 0.876321803170276 0.8790798738466743 0.16627165665497756 0.17511497492717515
1 0.9120428892084025 0.7152765694568242 0.1373750892845372 0.2343798842260675
1 0.05167772808590274 0.7093063656198597 0.10335545617180548 0.2688872687602805
1 0.1028333047918337 0.555101373977468 0.2035455600635442 0.27859254086360424