1 0.7218056335647475 0.7838012250158729 0.19944447241000382 0.2800650720347863
1 0.6532317044386545 0.5807360996710855 0.1911408990890262 0.26119386314448334
1 0.32708589980681635 0.8599354800551491 0.19114089908902612 0.2611938631444834
1 0.6523090336652639 0.06843003389557034 0.22961806733052798 0.12018172448545264
1 0.7920536130615095 0.42462088903029654 0.24386908420556885 0.3661362667090889
1 0.44749259201011726 0.32868693963502665 0.19949903611233463 0.28214840536811964
1 0.31682792376861546 0.46826881338848225 0.16644843393541642 0.2129135698069078
1 0.3180333036203479 0.6931960880543004 0.17211808057737182 0.2504862951410895
1 0.42109375 0.9625 0.1984375 0.07083333333333333
1 0.6273090667823737 0.3960338356672676 0.21679566351699647 0.2865817315934528
1 0.8384003673226786 0.7033519334818114 0.22115578130301125 0.27415445692763474
2 0.44329370924797795 0.5858089138552691 0.251245074586922 0.34959080893272537