1 0.13388897131369548 0.8227786983013282 0.1657738221398514 0.13382849013895565
1 0.7352803126060226 0.5808430916582822 0.20720240870767306 0.2858658340171762
1 0.4424083102437698 0.7771292299607773 0.1635962524470708 0.22940715548751126
1 0.43143353847458743 0.09001123193794355 0.1909920769491748 0.14352005272443596
1 0.7735540950053421 0.3145548821777987 0.20375002649368773 0.2731960553606578
1 0.8837624195074462 0.23316691381246024 0.1582341406515056 0.14382071016432635
1 0.8309003474524129 0.5381895633436853 0.2007887176006804 0.2792762767041393
1 0.4796875 0.93125 0.20625 0.13333333333333333
1 0.62734375 0.909375 0.2703125 0.17708333333333334
1 0.15533240697839243 0.6585543722176048 0.16650299763774729 0.22124360081069624
1 0.6170560691446265 0.20723495001093528 0.19174109981466553 0.2912669407345843
1 0.27149554328391085 0.08964340912471004 0.12736608656782167 0.15670625693247592
2 0.37164934382421577 0.39881854615866885 0.3658383426430894 0.5046016548532433
0 0.7538889580668515 0.7253995402767445 0.06495536660488846 0.09714557313036755