1 0.25612597948277793 0.19117137869156217 0.1464788757593057 0.2601990993131136
1 0.2861563587574653 0.03846804384150544 0.1358297036472223 0.07693608768301088
1 0.2165770894745142 0.48108721382442377 0.16878898043270843 0.1979837493830407
1 0.6266540721883334 0.022768190862504485 0.1751831443766667 0.04553638172500897
1 0.5117207096311459 0.11322101493087304 0.18594141926229177 0.22644202986174608
1 0.5693267618709381 0.8722405916830527 0.17743662860909737 0.15726427607767826
1 0.5828249109972574 0.7936575355276543 0.18441528685347244 0.2889878727583304
1 0.5061669195466323 0.4820904185175445 0.14284472948277802 0.23071670152601223
1 0.7738200129177778 0.03162051229841157 0.16014002583555556 0.06324102459682314
1 0.7344614526003825 0.8722524417467874 0.16853310087368065 0.0939749482765914
1 0.3100978854460423 0.951650207459244 0.19901938145888884 0.05338225948093888
1 0.2128929642838894 0.7632054744056193 0.12889133225631957 0.23554591148405588
0 0.7208619331300002 0.2276975734204467 0.07187630642076392 0.0966872835431148
0 0.8262489090973965 0.8400217070272961 0.08441267401194433 0.10003354135818701
2 0.7524606912981253 0.4686849261166428 0.3033497376509029 0.4902532575477487