1 0.4243548688377641 0.0959392301166521 0.19504026232447186 0.16088627730937807
1 0.4513434147447496 0.18589955304392103 0.21196881275401314 0.234457708404015
1 0.38772689280933925 0.3906085378002605 0.2369555246489438 0.314642897514191
1 0.2415844759168831 0.5841700209252195 0.23736496042459249 0.3250595641808575
1 0.6248141350074231 0.3922554056710934 0.19222952283992142 0.24809527089694683
1 0.6931591005203984 0.18672300905741063 0.19222952283992142 0.24809527089694683
1 0.859781197988579 0.7465312438985682 0.212125943011738 0.2781349568009072
1 0.7422384938955645 0.8297620435383648 0.19510886137453234 0.24199077410316244
2 0.43125 0.8854166666666666 0.35625 0.225
1 0.2850379047951269 0.534014605074243 0.17216268430531073 0.25339950005654543
1 0.5179588681603955 0.7013956003497377 0.18432849163225704 0.2851587612783