2 0.4613079509906761 0.4802451136783769 0.1891824321745385 0.24539573831854763
0 0.4862607934232434 0.25192993691381227 0.047786836641598995 0.07541143457963688
0 0.5695142491714305 0.34596212667605997 0.047786836641599176 0.07541143457963694
1 0.3774572200162106 0.07849266265114356 0.21265416542531543 0.15698532530228712
1 0.1869392278740935 0.03955040705206617 0.14495293507002255 0.07910081410413233
1 0.2349658130679506 0.17278496154159798 0.15866017824559703 0.2630717604475337
1 0.20788539040392484 0.3626374044196047 0.15702490363849114 0.26083056155398304
1 0.6612630632728383 0.6607487169915324 0.1705779813887501 0.24766801826260595
1 0.8304154776646964 0.7001071020482743 0.1677783130679507 0.2120934860357219
1 0.8111238604201354 0.3947253626294697 0.1677783130679507 0.2120934860357219
1 0.5123910696829792 0.708195477439066 0.1670163337461151 0.23485228714217118
1 0.31170832712657726 0.8884087313877583 0.1525514193542569 0.1773393626604322
1 0.646973623240417 0.47612137812595245 0.18129715756743253 0.24252307718412755
1 0.6864299214211714 0.3487844757731996 0.18129715756743253 0.24252307718412755
1 0.7016824321745385 0.15699102459682315 0.17221325599585596 0.24990921715615666
1 0.2969201193114756 0.5323955297280843 0.15407968610347994 0.22108936266043244
1 0.3437116902373091 0.6823787590489908 0.15407968610347994 0.22108936266043244
1 0.20087783498446013 0.8577926539363072 0.0828596575674326 0.23257754689043347