1 0.3203242654320797 0.5288667105858552 0.22615078925077742 0.33231259671732805
1 0.2575457314429742 0.21386109688539565 0.21119364718563743 0.27489714985160274
1 0.34676014988706055 0.19001891999523648 0.21660918927901224 0.2920008590929164
1 0.5199246341020449 0.19993949525717328 0.20051375241907438 0.31539836965254425
1 0.5796754205808121 0.7128108358543488 0.2160631577089811 0.27950085909291644
1 0.70234375 0.8739583333333333 0.2171875 0.24791666666666667
1 0.44765625 0.9854166666666667 0.1828125 0.025
1 0.8319296233669398 0.5205457129388029 0.18481315770898102 0.27658724192860346
1 0.4280975100292335 0.7339507784158822 0.19740416297065302 0.27983602212766195
1 0.6420102786568466 0.4654911695238175 0.21531970506402764 0.2981051782347007
1 0.9031800809912163 0.9048112096430171 0.17604583148532668 0.1471292135455054
2 0.6890232445971538 0.2592773470862475 0.34054648919430763 0.4218226043173055