1 0.3853341100058507 0.6928836627861242 0.2491781703877142 0.30071432860882796
1 0.5619671147633617 0.27887906750016395 0.20113877667402047 0.2651984471822603
1 0.6580372859796453 0.17103517009906363 0.27544957195929065 0.29361777252832727
1 0.8288784789075507 0.2164287190362608 0.2302098465663966 0.2935913093715342
1 0.731997132546042 0.457351319159817 0.2787586625298314 0.34369052413143514
1 0.8066975337033337 0.6532243472283401 0.21109597353086745 0.28230162346757387
1 0.8028705204687674 0.7892825467445804 0.2110231989237615 0.28021829013424054
1 0.9453125 0.5395833333333333 0.10625 0.2833333333333333
1 0.5484375 0.9104166666666667 0.234375 0.175
2 0.24415468424145303 0.49183535825218605 0.33301382299274807 0.4231746603673262
0 0.579071301486014 0.8131813158970561 0.09335620181924557 0.12706350804381164