1 0.24057681576151388 0.15940898416389893 0.17544576546195145 0.27611761875230767
1 0.8476552184963688 0.4786242771871568 0.17388326546195146 0.2759841126861087
1 0.446875 0.934375 0.175 0.12708333333333333
1 0.20602453850994662 0.9025334217546456 0.16469997091226493 0.12598411268610857
1 0.5448327206224008 0.6226896442475716 0.2087684484924896 0.287254579475822
1 0.8098208943999052 0.27954642709487165 0.2087684484924896 0.28725457947582195
1 0.6615111980334476 0.16739737507075408 0.1967469384905499 0.21783704914482652
1 0.4243142159112951 0.11397137877445697 0.22050343182259016 0.1742733189368778
1 0.34375 0.953125 0.1625 0.08958333333333333
1 0.59296875 0.8802083333333334 0.1890625 0.23541666666666666
2 0.6901139144037847 0.40609892966654587 0.2406242263722767 0.3252078614002715
2 0.278777028048965 0.6818180084286953 0.17796498758216436 0.2411014702842382