2 0.5466201730783105 0.38315480835994276 0.34075785649119406 0.49834227243930784
1 0.6867484435515872 0.8881806400038876 0.1713399607105856 0.2096059836044797
1 0.530843045908952 0.9018866276417835 0.16890416542531544 0.184593863125707
1 0.7430841424753487 0.6169836923073696 0.16886993217453855 0.22833174264693426
1 0.747791028950332 0.21393141518000644 0.15691358767505648 0.19908023262885777
1 0.8281378085198365 0.10500417838680474 0.1177783130679507 0.19669388732620383
1 0.28666501447742065 0.7371592375787686 0.16785108767505647 0.19916507598026764
1 0.2717377196064351 0.963255446399913 0.12689213978475228 0.05513630496849255
1 0.2764340674111768 0.02527807650397878 0.1627568651776464 0.05055615300795756
1 0.21786593445085006 0.2472008639112739 0.16792386228216233 0.20124840931360086
1 0.44620483436979674 0.7088456756499937 0.16792386228216233 0.20124840931360097
1 0.17345019272301765 0.4901879682563822 0.1428896290313853 0.24479236117446276
1 0.3108196060814185 0.5599365187395478 0.1444521290313853 0.2448044816532357
1 0.38075315467645765 0.8832645871766942 0.15771410835322097 0.2219968992955245
1 0.4158754030193187 0.0809826549592017 0.1682491939613627 0.1619653099184034
1 0.327275167701627 0.2900903099184034 0.14782968610347993 0.20734084308955414