1 0.5782314899320138 0.13230063772230974 0.18238000816812522 0.2561968475797223
1 0.6936941421924653 0.07141767299959785 0.1751117156150695 0.1428353459991957
1 0.5444844310427079 0.6798263055949912 0.228601697947639 0.3114464842447394
1 0.7263325366660413 0.7669973179579969 0.17718336189159736 0.22670263229253654
1 0.2939726719246522 0.9054105329423255 0.16028549620027785 0.15269413689080646
1 0.41800958396874943 0.9071471611652387 0.19585932028847228 0.134372009648119
1 0.2688558367216318 0.19865592190647774 0.19037434612402793 0.2671594286139206
1 0.4121830369503816 0.5257289574866226 0.20156641926229177 0.28250704206179833
1 0.9086371968102774 0.6939154379645952 0.14767639342673605 0.14557067390275596
1 0.24915440045749956 0.656766460124442 0.22282447663298638 0.3380930860840474
2 0.7193266557758331 0.27433914669306014 0.3035666367772226 0.40407807929953715
0 0.5929810549021525 0.3601571099069004 0.08953658510611114 0.12278090758302156