1 0.45142453405969274 0.18399804825205648 0.18564761561560633 0.2546176746611414
1 0.35929024196631787 0.17300780093964668 0.1856476156156064 0.2546176746611414
1 0.5547175920792574 0.021806379102687377 0.1656851841585148 0.04361275820537475
1 0.8357070707502213 0.3732101739781821 0.16680661035393446 0.2513699476141143
1 0.7268520703972855 0.8761040802359675 0.20222889988706055 0.17046243451764292
1 0.8396756919804353 0.12401092624998448 0.16827810509226246 0.24802185249996897
1 0.6082513867328809 0.12227725999609952 0.19980112087727822 0.24455451999219904
1 0.5587721154038447 0.5073912627549918 0.1856476156156063 0.25461767466114144
1 0.2503387181476202 0.3688269283168991 0.1884995998305908 0.2485617402800903
1 0.6810727786568466 0.3661012390447514 0.18849959983059072 0.24856174028009026
2 0.28473391787938895 0.7437527176746092 0.2666539628859484 0.3967752495159161
0 0.6928040231128259 0.7601908538779121 0.06779371572854594 0.08939501185512029