1 0.2945382955267958 0.29140694687804847 0.13238190564770314 0.27945377704427327
1 0.48785037483539784 0.36334041851754445 0.17921144154108043 0.2821064105174609
1 0.6053119741357526 0.07509609279879076 0.13051787727617317 0.15019218559758152
1 0.39286579842978964 0.10789774715156457 0.19012019780928666 0.21045266833253312
1 0.5407242884006598 0.007806964307721253 0.15605142319868043 0.015613928615442507
1 0.40375548581423504 0.02593511756023827 0.14717652837152997 0.05187023512047654
1 0.4405314424655174 0.5313023208702974 0.15063180047485364 0.25843149710021507
1 0.4267607959890142 0.6979534470117101 0.1635409774344579 0.2784444215819538
1 0.16767191864633393 0.28239799003576377 0.1086716210079671 0.26458579364101287
0 0.2095445522572203 0.7926555609883733 0.05632420783841654 0.08052529460760761
0 0.1482553627612039 0.6720447156239521 0.05705163354437941 0.11385862794094095
0 0.23968303015389658 0.9475947847770333 0.09167067445232169 0.057072869159273884
0 0.15624605601814406 0.841694057255655 0.07584709765100213 0.11783634799688276
0 0.7410506165221277 0.6558058027413532 0.0617391335443795 0.11433222462159306
2 0.23602241653476286 0.06006800926496477 0.23719377461060623 0.12013601852992954