2 0.42829357196101736 0.8305654093254546 0.22253654721981436 0.3052910417373482
2 0.7593059409519907 0.06435014332264911 0.2895299746466666 0.12870028664529823
0 0.31306982167819336 0.7345799790747805 0.0689837373233333 0.07798281572742004
0 0.8909192940157855 0.954259111090857 0.06474600518379603 0.013399482394086703
1 0.7622283660232856 0.9038292393394816 0.16900286116879606 0.13041008178677085
1 0.7824636621118044 0.7942227529517616 0.1821070368522218 0.28263891832631977
1 0.5922583271448136 0.8333795334673553 0.1821070368522218 0.28263891832631977
1 0.5710176056556932 0.891835225783747 0.17329938190398125 0.17214950005654545
1 0.67541753944412 0.24961628422650017 0.1821070368522218 0.2826389183263199
1 0.5025364055138885 0.29005613044124134 0.1821070368522218 0.28263891832631977
1 0.3037270500945365 0.38916992378169746 0.1821070368522218 0.28263891832631977
1 0.36165854434509226 0.1733233500387383 0.18384590263916642 0.21417992473875108
1 0.4365717785108796 0.049470869332577334 0.2012685570217591 0.09894173866515467