1 0.7015371696980652 0.8681943178634914 0.1834488251355733 0.15434527089694683
1 0.3575801749626226 0.21559517375342477 0.20284424063022613 0.3031349568009072
1 0.16760915993550798 0.25360116019769013 0.20129083098930572 0.30514553853113274
1 0.5375535003927834 0.3207340302611396 0.1744192587805987 0.23307542794496663
1 0.6253358224050988 0.08967918500345211 0.1868283551898024 0.17935837000690422
1 0.4884468172387373 0.8343749116877073 0.18550220452587265 0.26691802250005453
1 0.478036037184508 0.8931811304412414 0.18665563836728988 0.17324077410316244
1 0.7212552929400446 0.6454462986261977 0.19329652380771326 0.263115113848927
1 0.5152790454741274 0.23428892850620286 0.15718630698520072 0.22185849364411409
2 0.2518644226249315 0.8141467795585401 0.21556240924813697 0.35371696962576965
2 0.3583376573032293 0.5790277130154298 0.4399180355151783 0.5745371155368528