1 0.6044772704819901 0.8088361281030861 0.17213114718563743 0.2587469031402411
1 0.734756304682857 0.8243898623487821 0.17213114718563743 0.2587469031402411
1 0.2921607390531333 0.5937165564926644 0.20503465244730928 0.26133931381284675
1 0.27679626038216937 0.20624079827072503 0.20503465244730928 0.2613393138128469
1 0.8126735762236545 0.14168754503496298 0.16196792093374804 0.16906660269466536
1 0.5840711631118273 0.07360127477187395 0.1837673262236546 0.13193022936557428
1 0.4652188074548674 0.623466485412663 0.21330217875566854 0.2718771893698166
1 0.44921875 0.8895833333333333 0.2109375 0.21666666666666667
1 0.693809455134615 0.1908504739019337 0.16893055247554417 0.22122266136218047
2 0.7398632207078689 0.49448455124120616 0.3959913943430401 0.5578528765117545
0 0.5729270787133162 0.336791435656662 0.11325740514873246 0.162065107574787
0 0.17401841282947866 0.46280448180563505 0.0683397472985769 0.09891057956715095