2 0.35202997464666647 0.14065457536606335 0.26655994929333293 0.2813091507321267
1 0.6175721024981471 0.6595368661375642 0.2422434544771292 0.329374528066938
1 0.4763319478327305 0.6621774120954828 0.2200759285581478 0.2756891219392157
1 0.5495070247412028 0.5082265905869306 0.22007592855814764 0.2756891219392157
1 0.5353864446751844 0.4486777133505581 0.22007592855814764 0.2756891219392157
1 0.12885418920856426 0.3713301799310935 0.22900116069768472 0.3406729734711463
1 0.12303483322356443 0.2586966738648944 0.2069703358154626 0.2890709006767571
1 0.24430424048087923 0.26300004010089745 0.20697033581546256 0.28907090067675717
1 0.2761980809144902 0.3419804369755129 0.20697033581546256 0.2890709006767571
1 0.3285609547599531 0.38569166255690807 0.20697033581546265 0.2890709006767571
1 0.39000559415680486 0.46005211084040726 0.20697033581546265 0.2890709006767572
1 0.11501444754990656 0.5914416224560105 0.16960703685222184 0.28795008842131226
1 0.15246522087698983 0.6353794889996305 0.2069703358154626 0.2890709006767572
1 0.28134136804953597 0.7196909294696681 0.20697033581546256 0.289070900676757
1 0.8924389441095366 0.21495344232803934 0.19554482026407385 0.2570198642795626
1 0.9421875 0.396875 0.1125 0.25625
1 0.8596016520270358 0.8399782274393969 0.1930062891612959 0.1946533703457618
1 0.88671875 0.7385416666666667 0.2234375 0.29791666666666666
1 0.8709411102738415 0.6536006364464104 0.225993737888981 0.29483964013781283
1 0.7637710336481931 0.9120642823428055 0.19404252591898122 0.06837107340962281
1 0.6724529665416654 0.8852991281161539 0.19855366013203693 0.13712107340962282
1 0.6631367551373135 0.8630499917804826 0.20156108294074038 0.18295440674295615
1 0.20529238421305546 0.06454455891472852 0.2137097684261109 0.12908911782945703
1 0.5538276290292592 0.03830742340346911 0.1701552580585183 0.07661484680693822
1 0.7162373205468977 0.28343163994093523 0.24597404721981436 0.3151917129322021
1 0.735454795193564 0.43263060354374067 0.24597404721981436 0.3151917129322021
1 0.8020264319985178 0.5013154472622098 0.24597404721981456 0.3151917129322021
0 0.7308717678139802 0.7818419597022248 0.09712786116879606 0.1305265124400151
0 0.3658920253068508 0.72713168826135 0.07687414976444433 0.10600777297895926
1 0.92265625 0.53125 0.1515625 0.2916666666666667