1 0.35625 0.878125 0.240625 0.23958333333333334
1 0.521875 0.8604166666666667 0.21875 0.275
1 0.24729590738381585 0.5147017575866301 0.2259647053628168 0.3069350032254325
1 0.8694419853596351 0.3256772269705016 0.21166584802672617 0.2787596067520371
1 0.6275930294000424 0.7035017921938613 0.211665848026726 0.27875960675203687
1 0.6759487133990879 0.697888343009631 0.1942419906906352 0.25034152958084993
1 0.8446168973981333 0.7016181006903772 0.19424199069063527 0.25034152958084993
1 0.13726802140354222 0.6997759226405804 0.2655181013685438 0.3662185119478275
1 0.14953856536440766 0.3166143261295384 0.21813402402927137 0.3042449681476203
1 0.6498283720162265 0.20973124479175648 0.19593176002545326 0.26504620326307904
1 0.7239465773392724 0.11451391487208816 0.24789315467854484 0.13583844179220286
1 0.4262032520687241 0.7076405538529699 0.23214198002863498 0.2990870312876825
1 0.4381823473504083 0.2016229608497091 0.224329480028635 0.2984803295432034
1 0.20625 0.9489583333333333 0.190625 0.09791666666666667
2 0.5249754647119524 0.4852586730234156 0.2954601400381801 0.3976906452435143
0 0.22868390941276912 0.7974386628765368 0.08686474801081767 0.11292371918926894