2 0.7055184961548128 0.42786316343097547 0.32230652645796615 0.3735256302779368
1 0.7407278985750905 0.1169417981646693 0.20958079715018094 0.2338835963293386
1 0.6292912680902231 0.6364638861129142 0.20069712008095947 0.2592074969233924
1 0.4815265547249544 0.7951017012518825 0.20069712008095947 0.25920749692339246
1 0.1370085928300239 0.7212318630914555 0.22017746042459257 0.3178074898153923
1 0.09769270804974335 0.516508365319334 0.16721623473485203 0.3211499360279987
1 0.048626687018844185 0.34216289332697 0.08038462008095948 0.2573408800127267
1 0.5600610747398008 0.07356827551454734 0.2138721494796016 0.14713655102909468
1 0.38912445499752557 0.118857628421395 0.2688739099950512 0.23771525684279
1 0.4349603346894235 0.42580699103545805 0.21583079715018094 0.24694991470399827
1 0.8422250373120999 0.7436442754084917 0.30932184757972225 0.32127260449817924
0 0.3405828929208809 0.49085164794188146 0.09800813206674715 0.10978784001696885
0 0.97890625 0.378125 0.0390625 0.10208333333333333
1 0.295561399252459 0.7177296559516385 0.24583255766563053 0.3348620249310282
1 0.4199582909301446 0.8794410683747305 0.20103131275401326 0.22798173870145297
1 0.36279424411864786 0.9366122559410331 0.20598440637700666 0.11562718936981659