1 0.5939616423216858 0.07963545190692696 0.2339517153566284 0.15927090381385392
1 0.7841237784195944 0.11177878796218425 0.19765901784613932 0.2235575759243685
1 0.79527292074128 0.21469327470672214 0.20999399710021507 0.27959095960575586
1 0.4739601474965559 0.6906698361357149 0.20999399710021502 0.27959095960575603
1 0.4090995450163337 0.19254016341314426 0.21525018216314945 0.31743108162611466
1 0.34011551452214706 0.022683391508803517 0.18226897095570588 0.045366783017607035
1 0.49681453919354174 0.9169667662349223 0.1664304834032606 0.059523072735501614
1 0.4512367329790532 0.40742136139019924 0.266410863076899 0.37061963960834204
1 0.2291724788298683 0.42123838867409436 0.23352658548249733 0.31113848041493386
1 0.3574686192774543 0.882442318161246 0.18773864357108563 0.16122368283729546
2 0.7429138248858205 0.48023307228436063 0.34655049420042977 0.5511890517330809