1 0.3454484622542949 0.433397586728179 0.1892103246740408 0.2528847715892105
1 0.7049422390396561 0.507711074793085 0.2159910129856435 0.2699635484829074
1 0.7149093486167329 0.6724156170167214 0.22588421022569988 0.3096923324846043
1 0.2600797524323367 0.5351771680458162 0.2258842102257 0.30969233248460415
1 0.18201543344033874 0.24027568358793788 0.19584215421934553 0.28214840536811964
1 0.34267446956119085 0.10217182850623958 0.20722393912238166 0.19692567292593768
1 0.06817071631148465 0.6727961875663024 0.12248647483619657 0.28725904179927164
1 0.08420699918592581 0.465795422236363 0.1595228246740408 0.2524241778060593
1 0.77421875 0.8979166666666667 0.1921875 0.2
1 0.5416574403401976 0.14691720098660158 0.2205148717519414 0.2575362738170891
1 0.4828125 0.8635416666666667 0.228125 0.26875
1 0.23022247726853323 0.8200726364841799 0.2170898628234877 0.2345711235943014
1 0.925 0.259375 0.146875 0.21041666666666667
1 0.6390625 0.8770833333333333 0.2 0.24166666666666667
2 0.5086769395261235 0.61089448986842 0.2981137662320544 0.3378907876087249
0 0.49039672361838066 0.3481641929768445 0.061946620941162676 0.07802876267769653
0 0.45721425649282177 0.1403998116379962 0.06515344155801354 0.08432724623381763