1 0.8215378935236455 0.7683457378580475 0.19502547853284743 0.26985639803564204
1 0.7090573837399996 0.6670860352083053 0.20469141926229195 0.28739714985160275
1 0.5585469310427079 0.7719963536778188 0.21719141926229177 0.2885625967173278
1 0.58046875 0.9 0.2171875 0.19583333333333333
1 0.3765625 0.8729166666666667 0.221875 0.25
1 0.19016256658565936 0.5821888165182695 0.2204255220358335 0.2951039584337593
1 0.38927156060173573 0.6518776330365389 0.2348153303564585 0.3151650861577001
1 0.8587878928580552 0.4723738621181349 0.20599934612402784 0.27295949737648506
1 0.8029587329981597 0.26371298950594035 0.2058902433504862 0.2667094973764851
1 0.7395521560601737 0.13051106012754987 0.19277068787965276 0.14068973136897558
1 0.24850500949930537 0.3779126465558171 0.17264133225631964 0.23865019935395657
1 0.1499584067257637 0.3749847524882313 0.17264133225631956 0.23865019935395657
1 0.05303342781166663 0.2175259896084398 0.10606685562333326 0.2350519792168796
1 0.16342410752319433 0.1863483447332997 0.17245949430041682 0.22823353268728983
1 0.11953125 0.88125 0.2046875 0.23333333333333334
1 0.252622932942569 0.814421919659101 0.23641419794763907 0.317394100349249
2 0.5297206015392707 0.27162501308064335 0.45930879692145865 0.48585176802432184