1 0.37616976260291934 0.7728399670780317 0.22635922618081655 0.2787923208403015
1 0.10311269583072961 0.8248976704382271 0.1945636569013444 0.253549911264845
1 0.7234027445897236 0.15042768929602965 0.19612615690134447 0.25356203174361786
1 0.6548058572844205 0.21448984204213156 0.19612615690134447 0.2535620317436178
1 0.586407546780437 0.3410641152670063 0.22079118778015677 0.3099938389252101
1 0.37007184144930294 0.4435702763417961 0.23270015439406197 0.2830074694220594
1 0.17113555093707208 0.1784408269558896 0.1941544799417403 0.23479991126484498
1 0.33514657515196694 0.2536839310391422 0.2086716210079671 0.2557423289071338
1 0.5112353652019793 0.09773157727687257 0.1962792695960413 0.18899081888905733
1 0.525173215426771 0.6406398985099575 0.1767851235152495 0.22633325266501056
1 0.5544993510827213 0.7648467016581338 0.18616012351524952 0.22640597553764744
1 0.5671153598582099 0.867045179539809 0.18616012351524952 0.22640597553764744
1 0.7527489829777482 0.8466064562743885 0.18616012351524952 0.22640597553764744
1 0.21910140868371109 0.8091279192007494 0.20126829796757129 0.2744317265132696
2 0.8631134846271008 0.6588889821642738 0.2519168188172536 0.44771200754312107
0 0.7411763001456493 0.5891814643412208 0.07075042069139811 0.09219996773267099
0 0.3480450434152247 0.09229832057844582 0.06629024122451135 0.1025802729630191