1 0.3502688376715623 0.28896048216934195 0.1733686840799308 0.28163281383680877
1 0.22439601548322896 0.32633123735195274 0.17336868407993072 0.28163281383680877
1 0.6884403316876387 0.3742589754031769 0.20465505167111128 0.28687345837448947
1 0.7852191870266315 0.7482197690441895 0.20465505167111112 0.2868734583744896
1 0.29765625 0.9635416666666666 0.1640625 0.06875
1 0.528125 0.9604166666666667 0.184375 0.075
1 0.5202527229301734 0.4146590271265854 0.21424825721819457 0.3003206517357936
1 0.47781456905420133 0.1557563936533978 0.20999586189159736 0.2354215872820255
1 0.396875 0.9020833333333333 0.171875 0.19166666666666668
2 0.28916245782819405 0.6511435208950674 0.398990852392292 0.608058524494124
0 0.479386761114826 0.738190385355028 0.11384690729444458 0.17787512144209952
0 0.8271021349742707 0.4560962763759644 0.0689331443766668 0.10678821908934673