1 0.1534800448849522 0.25213995716139576 0.16370901775758914 0.28591182347228894
1 0.31524879185989013 0.25481224501990307 0.22014082493918155 0.3306345059562864
1 0.695930644417414 0.12583480694632798 0.226236288834828 0.25166961389265596
1 0.6671612706844554 0.31592047949491897 0.2200771924256241 0.31605117262295307
1 0.4104179296380047 0.9331371079859442 0.19724770472226433 0.09611272202732456
1 0.3797537369177929 0.8900007832203317 0.18045109016268784 0.18476227274980678
1 0.325465691836449 0.8054294650452737 0.17599993949875792 0.2386742714316957
1 0.30067879439397294 0.6765369162999578 0.16805108411256367 0.20699982479039983
1 0.2745021137740095 0.5873125902162345 0.1790340359079618 0.21801071675488076
1 0.43923677946505413 0.5533567660848902 0.18401242739850954 0.2849320514063251
1 0.5708281888113869 0.8035601738419145 0.18401242739850954 0.2849320514063251
1 0.5040340359079618 0.1809989696338746 0.24045332493918145 0.33173806722365584