1 0.32048468157845766 0.212333874395371 0.2006318004748536 0.2619601072769558
1 0.29350332977082044 0.48409223264794893 0.13606919530200426 0.2330705254234477
1 0.4826018998417155 0.06405965873055369 0.23479620031656906 0.12811931746110738
1 0.6198709161390514 0.21248814961796683 0.16548391066226814 0.22333846172954494
1 0.17058970084529454 0.8645914423934655 0.1316090158351176 0.24305014951546725
1 0.816121442003299 0.08201652307049989 0.11126777210332364 0.16403304614099978
1 0.7414347129194885 0.5369278121485093 0.1715807979675711 0.2883588376375253
1 0.7183418568887092 0.3446855605006165 0.15243834138279588 0.19717301486381977
1 0.24406223706787628 0.049934783326776505 0.17750052586424747 0.09986956665355301
2 0.5071422809453194 0.5192694479766308 0.28248485721791355 0.4400774835210715
1 0.4814961086045688 0.8012987920376597 0.13606919530200406 0.23307052542344783
1 0.6688800998290801 0.6819522770057723 0.17604097743445787 0.2783792135455054