2 0.4819451926954169 0.25029056233826164 0.5361096146091662 0.4667344338895591
1 0.7275066601785196 0.8377609957762417 0.22083734618305506 0.30783459068231733
1 0.489800900093751 0.7405747256126732 0.1877323202640738 0.25367678275236377
1 0.5025633231852786 0.5939180913596859 0.18773232026407366 0.25367678275236355
1 0.6441923315266209 0.38510816221711885 0.28734134099925884 0.3021127875764231
1 0.6736761970307414 0.5577385835949503 0.20050572233759212 0.25871691240708095
1 0.7652573957584266 0.4657723835343789 0.20050572233759228 0.25871691240708095
1 0.3890625 0.8958333333333334 0.23125 0.20416666666666666
1 0.23125 0.915625 0.209375 0.16458333333333333
1 0.31856832346810254 0.4795561141252462 0.20636474307277738 0.3006019448207603
1 0.33965392860463056 0.6725285459056324 0.27112987210203665 0.3631934102208407
1 0.24522573416578722 0.15003388361144626 0.21800628916129608 0.193578805969503
1 0.10475726757763912 0.17370453263946886 0.16458876324231464 0.1380016206839669
1 0.1543903718656954 0.6731866334985515 0.15872832544787002 0.26201897482240993
1 0.1760971509422228 0.41413918211907047 0.25169636691824027 0.35146654907209807
0 0.808316454240788 0.7544601070378791 0.07544835080120364 0.10688737976761213
1 0.465625 0.921875 0.18125 0.15208333333333332
1 0.7281455409047224 0.17017513342148416 0.1874589181905552 0.24951011608569698