1 0.7784004139609733 0.5438208958196642 0.2686663981258558 0.36834318448595127
1 0.7008079260351673 0.8233624748815309 0.2254499440483631 0.24738606195121235
1 0.5157041856685858 0.5132481916364117 0.2030581185006845 0.2940293886939911
1 0.7689020788463836 0.2877831191403122 0.18417172618081673 0.2867607167548808
1 0.36867109514371965 0.12100579379000635 0.17388744404836293 0.2420115875800127
1 0.5828101514910682 0.09409137612236282 0.19374530298213627 0.18818275224472564
1 0.21106214977520846 0.5318849439802867 0.2071091210079671 0.26511739001210194
1 0.28514920447320424 0.3067646995698644 0.1912568004748537 0.25385183006284345
1 0.13706705713877126 0.36695496375195025 0.19648986975432586 0.2791064980476211
1 0.5020171410662269 0.009373274018342865 0.16028428213245363 0.01874654803668573
2 0.36458561803846623 0.6851939018007379 0.38654788308216104 0.5495401054488719
0 0.7038022645814763 0.207887803601476 0.06271060015828453 0.08456068380210838
0 0.8683183717993899 0.61402464877302 0.07557431301126627 0.10190646509484841