1 0.4654463206090469 0.6627384807294889 0.2022890840455752 0.24916874556052448
1 0.9078125 0.46770833333333334 0.18125 0.3104166666666667
1 0.34471804970353387 0.44607229936707016 0.22986805247554418 0.23929100100840622
1 0.53125 0.9104166666666667 0.196875 0.175
1 0.7329482788686079 0.17830394659515802 0.19522003669052862 0.22983602212766202
1 0.5543513839608706 0.4002598960843981 0.19522003669052862 0.22983602212766197
1 0.1828125 0.9197916666666667 0.184375 0.15625
1 0.17864718671876348 0.18886872064128 0.18382751038216938 0.21839958945348575
1 0.37578125 0.9447916666666667 0.1828125 0.10625
1 0.9609375 0.86875 0.075 0.21666666666666667
1 0.7421875 0.896875 0.1875 0.20208333333333334
2 0.2963469810900383 0.7102552529924344 0.22505872611071515 0.3073125967173281