1 0.08889688620854158 0.40456738579460527 0.17779377241708316 0.23403780447696812
1 0.49867127650114573 0.17340661075745037 0.22649368407993076 0.2680256658179375
1 0.8819532891345832 0.37628145082744713 0.22576763867708358 0.3159180907065436
1 0.8735361514074302 0.7241617548270229 0.23194490349472252 0.3118483911521193
1 0.7578182727983328 0.8619875592509632 0.19418902393569457 0.20712416359005914
1 0.5640390905213539 0.36822324899211645 0.19001067021222226 0.2362181049225439
1 0.7142949700803818 0.26635955124120614 0.24371755167111112 0.2703756587099374
1 0.8709833408056944 0.10937236638017454 0.16740831838861112 0.19421205336302894
1 0.056866942629305514 0.22068861245490862 0.11373388525861103 0.2247105582431506
1 0.2375 0.89375 0.2 0.20833333333333334
1 0.3180154628621872 0.5394536525036943 0.239466462765278 0.2953029333757556
1 0.2392215816876387 0.30796050493314947 0.21046864057694456 0.24486658137066494