1 0.28828125 0.9697916666666667 0.1953125 0.05625
1 0.5690457975053528 0.749713341097056 0.20269440564770314 0.2865577272540546
1 0.7871376018076373 0.3487244467753493 0.17907504922121262 0.2758564105174609
1 0.6571044239901033 0.5341063419299893 0.1806375492212126 0.27601427607767826
1 0.485742586368231 0.29021032643350647 0.23201819279472174 0.27289050623151795
1 0.1514692232778227 0.11820116100075838 0.10019387978345576 0.16187099806681
1 0.5484375 0.940625 0.2 0.11458333333333333
1 0.766534562944759 0.797729401684444 0.1551374440483631 0.2505717604475336
1 0.17812762932123732 0.5896504160497074 0.08785901583511757 0.23961687469152035
1 0.6051230721824661 0.2596576412369103 0.18127404671392994 0.30518094274434493
1 0.43506297327782273 0.14685376018021018 0.20137594655564542 0.226141060587388
0 0.3359484895086517 0.5702571037451033 0.05301735141192587 0.07187623015383977
0 0.81171875 0.9854166666666667 0.0734375 0.025
2 0.2514107019659218 0.3756686940605756 0.2769790032987053 0.4042362096907201