1 0.19151733436979676 0.7377441247882093 0.222179022745079 0.3018717879990118
1 0.38723871091998274 0.5691735587187027 0.22632286724456102 0.33140299076370305
1 0.5536535771310864 0.408689367075801 0.21414819892376152 0.2947104477539502
1 0.7418962857747576 0.47666826836413384 0.2218151497095498 0.29145512133234514
1 0.8933710485950392 0.4294915337114792 0.19834341645877274 0.3322888325481477
1 0.7671875 0.9697916666666667 0.215625 0.05625
1 0.1453444634011821 0.48761474307277736 0.2762158593866782 0.3787199669497524
1 0.11800190622438902 0.30493304184746883 0.23600381244877805 0.3441891420675303
1 0.57734375 0.8989583333333333 0.2421875 0.19791666666666666
1 0.6379986519858614 0.28465170424209707 0.24023981803034927 0.3288767365381476
1 0.05473238771783769 0.5488662546026541 0.10946477543567538 0.2977325092053083
2 0.73828125 0.75625 0.4140625 0.48333333333333334
0 0.0824912448327135 0.6476286259504936 0.09619010339082215 0.12533714822506142