1 0.88203125 0.24462555975373976 0.2046875 0.30977799233349884
1 0.71015625 0.24249893754013824 0.2078125 0.31011811435385767
1 0.3515625 0.04742829999353445 0.1875 0.0948565999870689
1 0.30546875 0.32091973917659783 0.2421875 0.3367761232444707
1 0.59296875 0.4479618466369251 0.2125 0.32104496405106236
1 0.6375 0.04645105089545446 0.1875 0.09290210179090892
1 0.54375 0.07064300322119464 0.2 0.14128600644238928
1 0.41171875 0.7301889238177333 0.171875 0.2520400444530651
1 0.30625 0.8531263753381748 0.1390625 0.15888542990596477
1 0.1359375 0.6904130254477272 0.215625 0.2838850860714212
2 0.584375 0.775980515526245 0.2328125 0.3440890905167277
1 0.2296875 0.25104269817029773 0.1703125 0.2643699834428858
1 0.225 0.4984278812008359 0.1921875 0.27716750425206366