1 0.9022320488476616 0.6527524788685715 0.15850962008095948 0.2712472282206496
1 0.9065521359119344 0.42311221552125283 0.1700136861143328 0.3263610882486205
1 0.38131976255161454 0.4558017850753195 0.255951186114333 0.3350436940605757
1 0.3244611736783195 0.744973683829016 0.21894915309764623 0.3043294528422431
1 0.677699038332212 0.7179145020978144 0.2211667503386842 0.3211539850691269
1 0.10748719414339176 0.6963727825765197 0.21497438828678353 0.325763167365938
1 0.3207075684082228 0.18195223541876268 0.2094989099950512 0.2618734583744894
1 0.6982593583223144 0.23473903432469842 0.25817542740790583 0.31244275851434367
1 0.776407612506186 0.3817265084629941 0.26819888059640906 0.36948208631543056
1 0.5071984305757244 0.8052684866013315 0.25036292740790567 0.3116534307132568
1 0.5186404573723749 0.13501876377926667 0.2314690852552504 0.18731597400463393
0 0.7152698801461831 0.8994970038973427 0.08583568068726599 0.12487567579796964
0 0.45348244685692524 0.21628307415068077 0.08238313206674715 0.11622661134420156
2 0.17159728177349137 0.32375753665887375 0.3286317695605611 0.44198977871013967