1 0.46423809015625583 0.27224875897259265 0.20746155128112634 0.26757278692802494
1 0.5324358184446341 0.1256680843186596 0.2023716368892682 0.2111772837218093
1 0.7203810822983729 0.32577393694583195 0.20746155128112634 0.26757278692802494
1 0.743576795490158 0.5878870347071355 0.20746155128112634 0.26757278692802494
1 0.7775044933804622 0.73298293936463 0.20746155128112634 0.26757278692802494
1 0.646875 0.9541666666666667 0.190625 0.0875
1 0.27877147104966793 0.2324140698058713 0.20637424028009033 0.32576061705514264
1 0.269428666044488 0.5231713414336904 0.20637424028009033 0.32576061705514264
1 0.6399552975570726 0.8368155859500401 0.20746155128112634 0.26757278692802494
1 0.782200377997928 0.15289696501435493 0.19132282092583353 0.16282410743649578
1 0.2699336643918581 0.06872689993298904 0.18674232878371627 0.12101193756361349
1 0.78984375 0.9802083333333333 0.1359375 0.035416666666666666
2 0.4781722733642516 0.626488177242367 0.3466782167064418 0.45709000652552184