2 0.47851909740550747 0.5628971977683186 0.4053922524323367 0.5343407220870702
1 0.6428033344165687 0.18666090893349052 0.20195578652459378 0.2702893008041486
1 0.7126579127440575 0.10490999258780682 0.20280917451188502 0.20981998517561365
1 0.48087607873452587 0.1464440284957686 0.21012284253094826 0.2928880569915372
1 0.3274277504070371 0.22972818540621448 0.2072705779204517 0.3182423289071338
1 0.42336044440397796 0.8976661133284353 0.19784893912238158 0.19526505984660314
1 0.4123041676186167 0.9664948964404586 0.16011138555165924 0.057486288834828043
1 0.5946627000860208 0.9400828606634247 0.19045345048646728 0.10771657793151164
1 0.7492331976503888 0.8284783870770214 0.20944100405718977 0.24534990319801273
1 0.7164321546296779 0.5891738247554629 0.21804443668674978 0.30582717225854356
1 0.7060322171288541 0.42885412191897887 0.2180444366867496 0.30582717225854356
1 0.7951901745151803 0.4208715879622612 0.17722852191409721 0.2909287064771167
1 0.301143714286185 0.0893213540241253 0.17205800649282174 0.1346544655195711
0 0.21066557549141027 0.854528892014259 0.07641822402541765 0.1089151163144289
0 0.2836024691607443 0.9518698359392166 0.0777079886359143 0.08809390345986827
0 0.40271589691574494 0.028122916476611505 0.06622501785690744 0.046342393441791925