2 0.2953646572680401 0.36686759473037067 0.27502884648015946 0.39327206636166706
0 0.673121881748231 0.31724085106111183 0.0860810551888033 0.11497299620027783
0 0.5083229080932327 0.12079790741939872 0.0860810551888033 0.11497299620027786
1 0.5522882408764376 0.2906146900940284 0.2241515854824973 0.2939491861693521
1 0.5560313153612728 0.4799798178802784 0.2241515854824973 0.2939491861693521
1 0.4914262089323585 0.6193916938937505 0.2241515854824973 0.2939491861693521
1 0.3609375 0.875 0.225 0.24583333333333332
1 0.49375 0.9583333333333334 0.196875 0.07916666666666666
1 0.534375 0.9052083333333333 0.215625 0.18541666666666667
1 0.7546053282330348 0.9551053979200934 0.15930506763635782 0.08605052203583341
1 0.7472179581071658 0.8800084176769453 0.18646140871793265 0.23454907016138904
1 0.5725620842330974 0.05728222770787101 0.1638741684661948 0.08411265906722239
1 0.7930899170163024 0.23257839412037123 0.1550930095477696 0.23149593439657418
1 0.8296356813379567 0.573736785457686 0.21335579544054112 0.2686582454399077
1 0.8873325500139332 0.779333910710788 0.16856351369695446 0.2215156788240743
1 0.714461889846108 0.6741454677023618 0.2241515854824973 0.2939491861693521
1 0.27336329316545593 0.6521379200851392 0.2241515854824973 0.2939491861693521