1 0.1396349086539088 0.6108210343383402 0.1875950790974334 0.25012677212991125
1 0.4007482675879833 0.39260372139537175 0.22924044515850978 0.27121502506124173
1 0.5847399856253104 0.6231954656293319 0.28587282455550567 0.3849903107203154
1 0.5299420757634536 0.1520431389639584 0.2036983112195859 0.284990654554859
1 0.3368920301749969 0.8011705018038401 0.21269067394668237 0.2797610206159353
1 0.7447856968254997 0.18004153875131904 0.21109622303829684 0.3044208985955766
1 0.92109375 0.6447916666666667 0.1546875 0.22708333333333333
1 0.2954544739563807 0.5739382361486458 0.27678486697916027 0.36330667233608505
0 0.142601185615612 0.32527690787267505 0.2668357821318509 0.4036128509213166
0 0.4673293450184269 0.6066133137159395 0.10621779121570665 0.1377971769746343
0 0.6165484818322884 0.4362271211827323 0.10583515394280311 0.1315471769746343
0 0.4978610942695208 0.9126295228062608 0.07959164727484325 0.08316292848861005
1 0.5964122275802246 0.11848537564420274 0.2036983112195859 0.23697075128840547
1 0.4115254972942399 0.7227907541231147 0.22697631455356587 0.310288175364037