1 0.5160119905509892 0.8576604018671474 0.22756947241000383 0.28050142403987716
1 0.6605729453681618 0.2945080632293279 0.22756947241000383 0.28050142403987693
1 0.47411712331312844 0.5998232951941174 0.1632143065307547 0.20869841958411992
1 0.3494420494439966 0.8488286525036943 0.19270339908902603 0.2612181049225441
1 0.08241077295030877 0.5822923964566055 0.1401587524470707 0.2229181262465443
1 0.2531448804847046 0.3923112631550889 0.16510418874473984 0.22122266136218052
1 0.14214534918169336 0.1198658515807261 0.16510418874473984 0.2212226613621805
1 0.8694073198624167 0.7840087397092658 0.16510418874473984 0.2212226613621804
1 0.9140625 0.49583333333333335 0.16875 0.2875
1 0.8337450613400781 0.22743147570544764 0.23877979092165802 0.2910877831529678
1 0.1438542152384277 0.4832863093570899 0.17442462504240902 0.2192847786972107
1 0.1997297369227921 0.7382165920326652 0.17900299763774727 0.21519083736472594
0 0.5833185085223385 0.5650740072140559 0.08381449400955017 0.09917723912581759
2 0.418955875042409 0.22307861696369355 0.2975942849312084 0.3898771538298158