1 0.55247038335875 0.05466550303722284 0.1638092332825 0.0800429726437039
1 0.6163101053389928 0.3828649801139358 0.16777199430041687 0.21759146276527802
1 0.40991071571197873 0.6536930877642135 0.17642094889756965 0.265750580039815
1 0.28458536702249965 0.5341161428559263 0.17136977298576406 0.24477177634175948
1 0.17962837614055535 0.3224127460731946 0.1468061840799307 0.26899593439657415
1 0.4299004798640276 0.35936207725250047 0.16973453780340292 0.24055661955351867
1 0.7935382204616314 0.8427777261871305 0.1697709053945836 0.242639952886852
1 0.5109375 0.915625 0.171875 0.16458333333333333
1 0.21640625 0.9322916666666666 0.1421875 0.13125
1 0.38125 0.9677083333333333 0.1375 0.06041666666666667
1 0.7009624347455208 0.05614706458676004 0.19182513050895836 0.07466579483203725
1 0.6673303575231943 0.19163559548861187 0.1668277433504862 0.2529596393103706
2 0.6240452976839579 0.7009854794806488 0.21159603590354195 0.3126506960477781
0 0.6748837119122566 0.5201727615219914 0.05305357123840295 0.08701684067861114
0 0.45972691812493005 0.8001091735036117 0.06075696846486114 0.08100929128648152