1 0.7869096898410483 0.39498489016509747 0.17200895317271012 0.2591921709708586
1 0.46953125 0.965625 0.1796875 0.06458333333333334
1 0.59921875 0.921875 0.2015625 0.15208333333333332
1 0.6895683760538993 0.8223891096299035 0.20117066351699647 0.30139775975207356
1 0.4058729993670278 0.20178289194827392 0.19571927168436448 0.2717940505107599
1 0.590193435664697 0.22105656655105357 0.2241170901960187 0.28483297262530816
1 0.1685391134400276 0.741440036319211 0.2035317716843644 0.2725224548018382
1 0.2089161538135315 0.18655210381310244 0.13730657095872498 0.24348719209011432
1 0.28075889356191247 0.3738987991990025 0.21728673683797411 0.3216045683342299
2 0.48088783521705925 0.6567431795792423 0.392182587833766 0.5124837818797355
0 0.6264459049946579 0.33199025467311144 0.08052580290255769 0.09895070957744896