1 0.7662839067472691 0.7681004675816658 0.19117153469127146 0.2475339713771298
1 0.4709601267106798 0.417793120316018 0.2166987933640895 0.30872647998898184
1 0.3189596326782268 0.10367392692634224 0.18277723201781731 0.18062485410259282
1 0.11368233402290803 0.2215329563074536 0.18294086401972637 0.1993748541025928
1 0.21526301535645348 0.220464431738472 0.20712379869508962 0.28551887259287057
1 0.18880905601527204 0.1441811854111109 0.16673406134627208 0.1322232862201854
1 0.49763916335136277 0.16168771973356427 0.2166987933640895 0.3087264799889818
1 0.7452686886934987 0.2404846138581936 0.18804653469127147 0.2474369911339817
1 0.6830579480028636 0.01876640653620337 0.15986589600572715 0.03753281307240674
1 0.7220573606779086 0.10054892692634224 0.1722397213558171 0.20109785385268447
1 0.9218890167488599 0.7789007004850451 0.13208634134309066 0.09990650354555583
1 0.33410775342135957 0.8544488979243515 0.20207267202418072 0.24370673556148173
2 0.3927929574315409 0.9526547634261107 0.24120680267345432 0.07413414538907427
0 0.21508339139081553 0.5580614119816202 0.08542951734563582 0.12345179989833331