2 0.3423995543815013 0.3434873966654373 0.39517177272487614 0.4999096771502413
1 0.5529279512972463 0.3302607156023152 0.1970500982129911 0.26863808554202107
1 0.6507575251605081 0.41145475837332574 0.17002394805083548 0.2309518157499698
1 0.8768211931795713 0.5119296319059953 0.19990236282348767 0.24807176434108602
1 0.7809649967502938 0.641085502768552 0.24926716314779931 0.3230437857265912
1 0.8279534504864674 0.17687470901932117 0.1965319009729348 0.22905475220868776
1 0.6705267341716874 0.1332490160329788 0.1879284683433749 0.1679705552110256
1 0.07211610227018092 0.5014405881136953 0.1347410129856435 0.2778811762273906
1 0.18007069845457718 0.6407273339485671 0.20834215421934554 0.29665596133874816
1 0.6110576456946337 0.7170915885197512 0.19992963636243816 0.25015509767441935
1 0.7181082609537534 0.8469365813215234 0.2158273717519414 0.27232349166974357
1 0.1328125 0.9052083333333333 0.1625 0.18541666666666667
1 0.26015625 0.940625 0.2359375 0.11458333333333333
1 0.9234375 0.875 0.15 0.2375
1 0.14245014731948671 0.3898735338255203 0.19342626623205436 0.3494875673434238
1 0.45789173538620814 0.7008829940322397 0.22245920129724622 0.30202418260120656
0 0.570041133519769 0.6241038504983407 0.06350912094116268 0.08242357598129692