0 0.5449636187668363 0.7733334393080846 0.10255065727678296 0.1481150961864685
2 0.2370555239175874 0.7861574584322876 0.1896038603112004 0.29758600967519205
1 0.5942930365046009 0.4026952165609174 0.21970594849248962 0.2802910417373482
1 0.754210944071248 0.733978317584982 0.21970594849248962 0.2802910417373482
1 0.7544186249757542 0.8969512030051826 0.19056084030732112 0.16052251929383915
1 0.48828125 0.8875 0.2203125 0.22083333333333333
1 0.23984375 0.9447916666666667 0.2046875 0.10625
1 0.3949312810445891 0.5877150241879805 0.21970594849248962 0.2802910417373482
0 0.3033021483136134 0.7150728134217128 0.0644768303053814 0.08609789425143007
1 0.2780296630266588 0.14248021003539552 0.20079670970237729 0.20046961064271146
1 0.4540660045419279 0.14649809871835723 0.21999299091614422 0.2595304600071228
1 0.347688845598155 0.2971958326590064 0.21970594849248962 0.28029104173734837
1 0.16026872286911892 0.351147519293839 0.21970594849248956 0.28029104173734837
1 0.16293133726320524 0.3460483133651674 0.21970594849248962 0.28029104173734837
1 0.6541935502995624 0.15372697058282328 0.21973789940087513 0.25536379334045617
1 0.7154995172496277 0.8543982855228258 0.2171230824314133 0.2635516234675739
1 0.12506428863063282 0.2095271410734871 0.19553512485506794 0.24177251929383903
1 0.5025829949990301 0.05787376780382191 0.17920901000193973 0.07689817954807447
1 0.7114478119684919 0.07595581595360149 0.17710437606301604 0.0934193430085255
1 0.7408806072670846 0.23506627269796337 0.20082840273485517 0.2773346891667213
0 0.5602519737872028 0.05011253465059022 0.06699605242559432 0.050899482394086794