1 0.602062709747224 0.31873572800839817 0.20152263568479184 0.24794138737588017
1 0.38808982021724503 0.10563977672892676 0.2175703595655099 0.18021005931499048
1 0.2021568057450666 0.6133081746001193 0.18902263568479177 0.24726227274980672
1 0.5100335035065029 0.7678284849160868 0.21583079715018094 0.2549553913302129
1 0.5738171217784401 0.579217834066751 0.2065376843053107 0.25652938869399117
1 0.3818509497976013 0.6627386700115186 0.21015400723608924 0.2691991673505096
1 0.3444970347141674 0.796415105448872 0.21015400723608924 0.2691991673505096
1 0.13429984113660254 0.7860391574646778 0.21015400723608924 0.2691991673505096
1 0.7728544080744872 0.7340883360687047 0.14042136137453215 0.2404640369071051
1 0.7652764399595202 0.16997543883178004 0.19068031094499105 0.17043360740125096
1 0.71484375 0.9083333333333333 0.1703125 0.17916666666666667
1 0.7046875 0.9875 0.128125 0.020833333333333332
2 0.37484511250618596 0.3230934420774825 0.3699052227490645 0.4857667655249841