1 0.7443543595622943 0.6573532479881901 0.20503767061270253 0.2517044067429562
1 0.87578125 0.8302083333333333 0.2453125 0.33541666666666664
1 0.5835442763819751 0.696460111037285 0.22637053667377885 0.27010665227021113
1 0.2609197194144528 0.745573923501908 0.16285017061270252 0.24809974295558063
1 0.39453125 0.8729166666666667 0.2359375 0.25
1 0.5218747421240921 0.14614033517903463 0.20312448424818436 0.22045440674295627
1 0.3993939642443051 0.10044370141503765 0.21128792848861028 0.15068912193921566
1 0.46329645182646945 0.331799228866742 0.20605803667377884 0.2683710734096229
1 0.2261307759229331 0.5073800113079864 0.21524158909937308 0.3168217643410859
1 0.6981657883407687 0.32181706456257153 0.22177863152302776 0.29665596133874816
0 0.6430643448492489 0.08188757350806176 0.07987868969849785 0.0607084639104223
2 0.22074241894571256 0.24164788710471338 0.3313128703131401 0.3847675344407541