1 0.35546875 0.9041666666666667 0.2140625 0.1875
1 0.8629526019789822 0.4531283352576438 0.23734134099925877 0.2969179266597601
1 0.8877981941560193 0.6722208221611724 0.1594897430727773 0.2962329528527029
1 0.7930714545236119 0.6454199710451588 0.22796634099925903 0.2963357298029133
1 0.6743324335056029 0.7813360077152787 0.2502514441095366 0.30394418913555604
1 0.20821658383569508 0.44907547063538317 0.22925543892574032 0.2922660959457211
1 0.2227596630532417 0.6936759437534689 0.24421605758740697 0.33054235842151675
1 0.6106942007539353 0.13728629307575158 0.22548659849212935 0.21111312875519547
1 0.19632961291222248 0.18790536366010538 0.19763500056564784 0.2135332048513216
1 0.33770717714402815 0.26885293134596894 0.2689426555138885 0.32792821670644184
2 0.5498087615453711 0.5152628717911719 0.43636247577796217 0.5790070658921327
0 0.305660345946714 0.7333392318698277 0.08394435598499986 0.1172546076642495