1 0.890625 0.6697916666666667 0.215625 0.3104166666666667
1 0.7740029025318194 0.5977629644286272 0.1778328301668676 0.28121584394710236
1 0.6223452272716201 0.6652400496239873 0.2382723631835546 0.3119864240404657
1 0.48205882123329785 0.8435704491286492 0.24756547602842466 0.3104852875639793
1 0.13154432835784544 0.21391559194848364 0.18606140999505122 0.2526313741372825
1 0.6130643232694628 0.3498091152429363 0.18770579715018093 0.2548117402800903
1 0.7652166434867078 0.2750888797856466 0.18770579715018093 0.2548117402800903
1 0.9046875 0.878125 0.18125 0.23958333333333334
1 0.3429997274987628 0.08156981913210255 0.2078744549975256 0.13344759856501526
1 0.25910608435073923 0.1480594982062691 0.2275871687014785 0.27807089385028555
2 0.17293836951513258 0.5334190322570947 0.3250774016273082 0.5376713978475228
1 0.5181700616223595 0.7907394196274405 0.19124687697836434 0.2259361720418473
1 0.3846294640426372 0.46655271022650197 0.2167381999091429 0.2399886969934387