1 0.4188778166772723 0.10416666666666667 0.18150563335454453 0.20833333333333334
1 0.28757491470399826 0.36666666666666664 0.1817419906906353 0.23541666666666666
1 0.29842041335136277 0.17708333333333334 0.1425522213558171 0.22083333333333333
1 0.4946692520289532 0.284375 0.196040848026726 0.2625
1 0.41888909671386154 0.4635416666666667 0.2041806120305441 0.3
1 0.8131043627466326 0.7854166666666667 0.1710226666931806 0.2604166666666667
1 0.8638952507558596 0.8760416666666667 0.14645792401336308 0.13125
1 0.6523850387491781 0.8104166666666667 0.19640447469763486 0.30416666666666664
1 0.4643679654280411 0.9302083333333333 0.18243178668045398 0.13541666666666666
1 0.21126531134627213 0.12708333333333333 0.18121473201781732 0.175
1 0.49416291140195134 0.6739583333333333 0.20995789735836254 0.24583333333333332
2 0.706297095361226 0.27395833333333336 0.35009419072245207 0.5479166666666667
0 0.21013062002704422 0.265625 0.05850339067472694 0.07916666666666666